{
    "4697279824": [
        [
            0.984807753012208,
            0.17364817766693033,
            0.0,
            0.0,
            -0.17364817766693033,
            0.984807753012208,
            0.0,
            0.0,
            0.0,
            0.0,
            1.0,
            0.0,
            0.8682408883346516,
            -4.92403876506104,
            0.0,
            1.0
        ],
        [
            0.9849970043252907,
            0.17257143874408407,
            0.0,
            0.0,
            -0.17257143874408407,
            0.9849970043252907,
            0.0,
            0.0,
            0.0,
            0.0,
            1.0,
            0.0,
            0.8628571937204204,
            -4.924985021626453,
            0.0,
            1.0
        ],
        [
            0.9855523647550172,
            0.16937100202157843,
            0.0,
            0.0,
            -0.16937100202157843,
            0.9855523647550172,
            0.0,
            0.0,
            0.0,
            0.0,
            1.0,
            0.0,
            0.8468550101078921,
            -4.927761823775086,
            0.0,
            1.0
        ],
        [
            0.9864378460681676,
            0.16413523644968467,
            0.0,
            0.0,
            -0.16413523644968467,
            0.9864378460681676,
            0.0,
            0.0,
            0.0,
            0.0,
            1.0,
            0.0,
            0.8206761822484233,
            -4.932189230340838,
            0.0,
            1.0
        ],
        [
            0.9875973285917158,
            0.15700801431298494,
            0.0,
            0.0,
            -0.15700801431298494,
            0.9875973285917158,
            0.0,
            0.0,
            0.0,
            0.0,
            1.0,
            0.0,
            0.7850400715649247,
            -4.937986642958579,
            0.0,
            1.0
        ],
        [
            0.9889599004604662,
            0.14818338395793507,
            0.0,
            0.0,
            -0.14818338395793507,
            0.9889599004604662,
            0.0,
            0.0,
            0.0,
            0.0,
            1.0,
            0.0,
            0.7409169197896753,
            -4.944799502302331,
            0.0,
            1.0
        ],
        [
            0.9904464567394685,
            0.13789784745322176,
            0.0,
            0.0,
            -0.13789784745322176,
            0.9904464567394685,
            0.0,
            0.0,
            0.0,
            0.0,
            1.0,
            0.0,
            0.6894892372661088,
            -4.9522322836973425,
            0.0,
            1.0
        ],
        [
            0.9919767616984867,
            0.1264203474531836,
            0.0,
            0.0,
            -0.1264203474531836,
            0.9919767616984867,
            0.0,
            0.0,
            0.0,
            0.0,
            1.0,
            0.0,
            0.6321017372659179,
            -4.9598838084924335,
            0.0,
            1.0
        ],
        [
            0.9934761137852516,
            0.11404039344966233,
            0.0,
            0.0,
            -0.11404039344966233,
            0.9934761137852516,
            0.0,
            0.0,
            0.0,
            0.0,
            1.0,
            0.0,
            0.5702019672483116,
            -4.967380568926258,
            0.0,
            1.0
        ],
        [
            0.994880828233304,
            0.10105512166048233,
            0.0,
            0.0,
            -0.10105512166048233,
            0.994880828233304,
            0.0,
            0.0,
            0.0,
            0.0,
            1.0,
            0.0,
            0.5052756083024117,
            -4.97440414116652,
            0.0,
            1.0
        ],
        [
            0.9961419804972023,
            0.08775622309051075,
            0.0,
            0.0,
            -0.08775622309051075,
            0.9961419804972023,
            0.0,
            0.0,
            0.0,
            0.0,
            1.0,
            0.0,
            0.4387811154525537,
            -4.980709902486011,
            0.0,
            1.0
        ],
        [
            0.9972271643072718,
            0.07441762403945507,
            0.0,
            0.0,
            -0.07441762403945507,
            0.9972271643072718,
            0.0,
            0.0,
            0.0,
            0.0,
            1.0,
            0.0,
            0.37208812019727533,
            -4.986135821536359,
            0.0,
            1.0
        ],
        [
            0.9981203346553252,
            0.06128456206534795,
            0.0,
            0.0,
            -0.06128456206534795,
            0.9981203346553252,
            0.0,
            0.0,
            0.0,
            0.0,
            1.0,
            0.0,
            0.30642281032673974,
            -4.990601673276626,
            0.0,
            1.0
        ],
        [
            0.9988200535119027,
            0.048564397478810264,
            0.0,
            0.0,
            -0.048564397478810264,
            0.9988200535119027,
            0.0,
            0.0,
            0.0,
            0.0,
            1.0,
            0.0,
            0.2428219873940513,
            -4.994100267559514,
            0.0,
            1.0
        ],
        [
            0.9993365990869124,
            0.036419249380013334,
            0.0,
            0.0,
            -0.036419249380013334,
            0.9993365990869124,
            0.0,
            0.0,
            0.0,
            0.0,
            1.0,
            0.0,
            0.18209624690006668,
            -4.996682995434562,
            0.0,
            1.0
        ],
        [
            0.9996884384969383,
            0.02496048748628751,
            0.0,
            0.0,
            -0.02496048748628751,
            0.9996884384969383,
            0.0,
            0.0,
            0.0,
            0.0,
            1.0,
            0.0,
            0.12480243743143755,
            -4.998442192484692,
            0.0,
            1.0
        ],
        [
            0.9998985312900945,
            0.014245249169875941,
            0.0,
            0.0,
            -0.014245249169875941,
            0.9998985312900945,
            0.0,
            0.0,
            0.0,
            0.0,
            1.0,
            0.0,
            0.0712262458493797,
            -4.999492656450473,
            0.0,
            1.0
        ],
        [
            0.9999908605893713,
            0.0042753640463398255,
            0.0,
            0.0,
            -0.0042753640463398255,
            0.9999908605893713,
            0.0,
            0.0,
            0.0,
            0.0,
            1.0,
            0.0,
            0.021376820231699126,
            -4.999954302946856,
            0.0,
            1.0
        ],
        [
            0.9999874963581048,
            -0.005000712694144134,
            0.0,
            0.0,
            0.005000712694144134,
            0.9999874963581048,
            0.0,
            0.0,
            0.0,
            0.0,
            1.0,
            0.0,
            -0.02500356347072067,
            -4.999937481790524,
            0.0,
            1.0
        ],
        [
            0.9999063926736388,
            -0.01368232035843569,
            0.0,
            0.0,
            0.01368232035843569,
            0.9999063926736388,
            0.0,
            0.0,
            0.0,
            0.0,
            1.0,
            0.0,
            -0.06841160179217845,
            -4.999531963368194,
            0.0,
            1.0
        ],
        [
            0.9997600110630275,
            -0.021907082855898978,
            0.0,
            0.0,
            0.021907082855898978,
            0.9997600110630275,
            0.0,
            0.0,
            0.0,
            0.0,
            1.0,
            0.0,
            -0.1095354142794949,
            -4.9988000553151375,
            0.0,
            1.0
        ],
        [
            0.999554756189311,
            -0.029837717394717418,
            0.0,
            0.0,
            0.029837717394717418,
            0.999554756189311,
            0.0,
            0.0,
            0.0,
            0.0,
            1.0,
            0.0,
            -0.14918858697358708,
            -4.997773780946555,
            0.0,
            1.0
        ],
        [
            0.9992911240175683,
            -0.037646373792238355,
            0.0,
            0.0,
            0.037646373792238355,
            0.9992911240175683,
            0.0,
            0.0,
            0.0,
            0.0,
            1.0,
            0.0,
            -0.18823186896119176,
            -4.996455620087842,
            0.0,
            1.0
        ],
        [
            0.9989644214790652,
            -0.045498182590041146,
            0.0,
            0.0,
            0.045498182590041146,
            0.9989644214790652,
            0.0,
            0.0,
            0.0,
            0.0,
            1.0,
            0.0,
            -0.22749091295020574,
            -4.994822107395326,
            0.0,
            1.0
        ],
        [
            0.9985659182655409,
            -0.053536033458757806,
            0.0,
            0.0,
            0.053536033458757806,
            0.9985659182655409,
            0.0,
            0.0,
            0.0,
            0.0,
            1.0,
            0.0,
            -0.267680167293789,
            -4.9928295913277045,
            0.0,
            1.0
        ],
        [
            0.9980843258299692,
            -0.06186823524665812,
            0.0,
            0.0,
            0.06186823524665812,
            0.9980843258299692,
            0.0,
            0.0,
            0.0,
            0.0,
            1.0,
            0.0,
            -0.3093411762332906,
            -4.990421629149846,
            0.0,
            1.0
        ],
        [
            0.9975075417286406,
            -0.07055993335090598,
            0.0,
            0.0,
            0.07055993335090598,
            0.9975075417286406,
            0.0,
            0.0,
            0.0,
            0.0,
            1.0,
            0.0,
            -0.3527996667545299,
            -4.987537708643203,
            0.0,
            1.0
        ],
        [
            0.996824617130821,
            -0.07962840373881731,
            0.0,
            0.0,
            0.07962840373881731,
            0.996824617130821,
            0.0,
            0.0,
            0.0,
            0.0,
            1.0,
            0.0,
            -0.39814201869408655,
            -4.9841230856541054,
            0.0,
            1.0
        ],
        [
            0.9960279001479233,
            -0.08904168757901312,
            0.0,
            0.0,
            0.08904168757901312,
            0.9960279001479233,
            0.0,
            0.0,
            0.0,
            0.0,
            1.0,
            0.0,
            -0.4452084378950656,
            -4.980139500739616,
            0.0,
            1.0
        ],
        [
            0.99511527127258,
            -0.0987197897085451,
            0.0,
            0.0,
            0.0987197897085451,
            0.99511527127258,
            0.0,
            0.0,
            0.0,
            0.0,
            1.0,
            0.0,
            -0.4935989485427255,
            -4.9755763563629,
            0.0,
            1.0
        ],
        [
            0.9940923298040752,
            -0.10853773456593681,
            0.0,
            0.0,
            0.10853773456593681,
            0.9940923298040752,
            0.0,
            0.0,
            0.0,
            0.0,
            1.0,
            0.0,
            -0.542688672829684,
            -4.970461649020376,
            0.0,
            1.0
        ],
        [
            0.9929743207326731,
            -0.11833003999613302,
            0.0,
            0.0,
            0.11833003999613302,
            0.9929743207326731,
            0.0,
            0.0,
            0.0,
            0.0,
            1.0,
            0.0,
            -0.5916501999806651,
            -4.964871603663365,
            0.0,
            1.0
        ],
        [
            0.9917875222404282,
            -0.12789648442467916,
            0.0,
            0.0,
            0.12789648442467916,
            0.9917875222404282,
            0.0,
            0.0,
            0.0,
            0.0,
            1.0,
            0.0,
            -0.6394824221233958,
            -4.958937611202141,
            0.0,
            1.0
        ],
        [
            0.9905697674330808,
            -0.13700925460556435,
            0.0,
            0.0,
            0.13700925460556435,
            0.9905697674330808,
            0.0,
            0.0,
            0.0,
            0.0,
            1.0,
            0.0,
            -0.6850462730278217,
            -4.952848837165404,
            0.0,
            1.0
        ],
        [
            0.9893697780369863,
            -0.1454216019271014,
            0.0,
            0.0,
            0.1454216019271014,
            0.9893697780369863,
            0.0,
            0.0,
            0.0,
            0.0,
            1.0,
            0.0,
            -0.727108009635507,
            -4.946848890184931,
            0.0,
            1.0
        ],
        [
            0.9882450726875396,
            -0.1528779784952679,
            0.0,
            0.0,
            0.1528779784952679,
            0.9882450726875396,
            0.0,
            0.0,
            0.0,
            0.0,
            1.0,
            0.0,
            -0.7643898924763395,
            -4.941225363437698,
            0.0,
            1.0
        ],
        [
            0.9872583893044558,
            -0.15912533659971206,
            0.0,
            0.0,
            0.15912533659971206,
            0.9872583893044558,
            0.0,
            0.0,
            0.0,
            0.0,
            1.0,
            0.0,
            -0.7956266829985603,
            -4.936291946522279,
            0.0,
            1.0
        ],
        [
            0.9864728121876101,
            -0.16392495482588448,
            0.0,
            0.0,
            0.16392495482588448,
            0.9864728121876101,
            0.0,
            0.0,
            0.0,
            0.0,
            1.0,
            0.0,
            -0.8196247741294225,
            -4.932364060938051,
            0.0,
            1.0
        ],
        [
            0.9859460579306721,
            -0.1670639723308642,
            0.0,
            0.0,
            0.1670639723308642,
            0.9859460579306721,
            0.0,
            0.0,
            0.0,
            0.0,
            1.0,
            0.0,
            -0.835319861654321,
            -4.929730289653361,
            0.0,
            1.0
        ],
        [
            0.985724583336251,
            -0.16836580949401295,
            0.0,
            0.0,
            0.16836580949401295,
            0.985724583336251,
            0.0,
            0.0,
            0.0,
            0.0,
            1.0,
            0.0,
            -0.8418290474700647,
            -4.928622916681255,
            0.0,
            1.0
        ],
        [
            0.985838270470396,
            -0.16769885055043857,
            0.0,
            0.0,
            0.16769885055043857,
            0.985838270470396,
            0.0,
            0.0,
            0.0,
            0.0,
            1.0,
            0.0,
            -0.8384942527521928,
            -4.92919135235198,
            0.0,
            1.0
        ],
        [
            0.9862964009076078,
            -0.16498305839297364,
            0.0,
            0.0,
            0.16498305839297364,
            0.9862964009076078,
            0.0,
            0.0,
            0.0,
            0.0,
            1.0,
            0.0,
            -0.8249152919648682,
            -4.931482004538039,
            0.0,
            1.0
        ],
        [
            0.9870854764695808,
            -0.16019445103629773,
            0.0,
            0.0,
            0.16019445103629773,
            0.9870854764695808,
            0.0,
            0.0,
            0.0,
            0.0,
            1.0,
            0.0,
            -0.8009722551814886,
            -4.935427382347904,
            0.0,
            1.0
        ],
        [
            0.9881692236995198,
            -0.15336748460181684,
            0.0,
            0.0,
            0.15336748460181684,
            0.9881692236995198,
            0.0,
            0.0,
            0.0,
            0.0,
            1.0,
            0.0,
            -0.7668374230090842,
            -4.940846118497599,
            0.0,
            1.0
        ],
        [
            0.9894908689250588,
            -0.14459536753966945,
            0.0,
            0.0,
            0.14459536753966945,
            0.9894908689250588,
            0.0,
            0.0,
            0.0,
            0.0,
            1.0,
            0.0,
            -0.7229768376983472,
            -4.947454344625294,
            0.0,
            1.0
        ],
        [
            0.9909775181165468,
            -0.134028200717495,
            0.0,
            0.0,
            0.134028200717495,
            0.9909775181165468,
            0.0,
            0.0,
            0.0,
            0.0,
            1.0,
            0.0,
            -0.670141003587475,
            -4.954887590582734,
            0.0,
            1.0
        ],
        [
            0.9925462268752504,
            -0.12186873067240855,
            0.0,
            0.0,
            0.12186873067240855,
            0.9925462268752504,
            0.0,
            0.0,
            0.0,
            0.0,
            1.0,
            0.0,
            -0.6093436533620428,
            -4.962731134376252,
            0.0,
            1.0
        ],
        [
            0.9941111192656529,
            -0.10836550443933193,
            0.0,
            0.0,
            0.10836550443933193,
            0.9941111192656529,
            0.0,
            0.0,
            0.0,
            0.0,
            1.0,
            0.0,
            -0.5418275221966596,
            -4.970555596328264,
            0.0,
            1.0
        ],
        [
            0.9955907397128664,
            -0.09380340611079892,
            0.0,
            0.0,
            0.09380340611079892,
            0.9955907397128664,
            0.0,
            0.0,
            0.0,
            0.0,
            1.0,
            0.0,
            -0.4690170305539946,
            -4.977953698564332,
            0.0,
            1.0
        ],
        [
            0.9969147523101852,
            -0.07849188892058871,
            0.0,
            0.0,
            0.07849188892058871,
            0.9969147523101852,
            0.0,
            0.0,
            0.0,
            0.0,
            1.0,
            0.0,
            -0.3924594446029436,
            -4.9845737615509265,
            0.0,
            1.0
        ],
        [
            0.9980291781061928,
            -0.06275157088613098,
            0.0,
            0.0,
            0.06275157088613098,
            0.9980291781061928,
            0.0,
            0.0,
            0.0,
            0.0,
            1.0,
            0.0,
            -0.3137578544306549,
            -4.990145890530965,
            0.0,
            1.0
        ],
        [
            0.9988995808123197,
            -0.04690018606543148,
            0.0,
            0.0,
            0.04690018606543148,
            0.9988995808123197,
            0.0,
            0.0,
            0.0,
            0.0,
            1.0,
            0.0,
            -0.2345009303271574,
            -4.994497904061598,
            0.0,
            1.0
        ],
        [
            0.9995119454134148,
            -0.031238933654831245,
            0.0,
            0.0,
            0.031238933654831245,
            0.9995119454134148,
            0.0,
            0.0,
            0.0,
            0.0,
            1.0,
            0.0,
            -0.15619466827415623,
            -4.997559727067074,
            0.0,
            1.0
        ],
        [
            0.9998713487501373,
            -0.01604013555370718,
            0.0,
            0.0,
            0.01604013555370718,
            0.9998713487501373,
            0.0,
            0.0,
            0.0,
            0.0,
            1.0,
            0.0,
            -0.0802006777685359,
            -4.9993567437506865,
            0.0,
            1.0
        ],
        [
            0.9999988191153361,
            -0.0015368044551798202,
            0.0,
            0.0,
            0.0015368044551798202,
            0.9999988191153361,
            0.0,
            0.0,
            0.0,
            0.0,
            1.0,
            0.0,
            -0.007684022275899101,
            -4.99999409557668,
            0.0,
            1.0
        ],
        [
            0.9999269672534347,
            0.012085535128763114,
            0.0,
            0.0,
            -0.012085535128763114,
            0.9999269672534347,
            0.0,
            0.0,
            0.0,
            0.0,
            1.0,
            0.0,
            0.06042767564381557,
            -4.999634836267173,
            0.0,
            1.0
        ],
        [
            0.9996950409792393,
            0.02469463588548982,
            0.0,
            0.0,
            -0.02469463588548982,
            0.9996950409792393,
            0.0,
            0.0,
            0.0,
            0.0,
            1.0,
            0.0,
            0.12347317942744909,
            -4.998475204896197,
            0.0,
            1.0
        ],
        [
            0.9993440283707348,
            0.03621481685376794,
            0.0,
            0.0,
            -0.03621481685376794,
            0.9993440283707348,
            0.0,
            0.0,
            0.0,
            0.0,
            1.0,
            0.0,
            0.1810740842688397,
            -4.9967201418536735,
            0.0,
            1.0
        ],
        [
            0.9989123459136163,
            0.04662751528181207,
            0.0,
            0.0,
            -0.04662751528181207,
            0.9989123459136163,
            0.0,
            0.0,
            0.0,
            0.0,
            1.0,
            0.0,
            0.23313757640906035,
            -4.9945617295680815,
            0.0,
            1.0
        ],
        [
            0.9984325184562414,
            0.05596879567336897,
            0.0,
            0.0,
            -0.05596879567336897,
            0.9984325184562414,
            0.0,
            0.0,
            0.0,
            0.0,
            1.0,
            0.0,
            0.2798439783668449,
            -4.992162592281207,
            0.0,
            1.0
        ],
        [
            0.9979290991244668,
            0.06432350364081588,
            0.0,
            0.0,
            -0.06432350364081588,
            0.9979290991244668,
            0.0,
            0.0,
            0.0,
            0.0,
            1.0,
            0.0,
            0.32161751820407936,
            -4.989645495622334,
            0.0,
            1.0
        ],
        [
            0.997417896926994,
            0.0718160071970896,
            0.0,
            0.0,
            -0.0718160071970896,
            0.997417896926994,
            0.0,
            0.0,
            0.0,
            0.0,
            1.0,
            0.0,
            0.35908003598544797,
            -4.98708948463497,
            0.0,
            1.0
        ],
        [
            0.9969063950798289,
            0.07859796084466811,
            0.0,
            0.0,
            -0.07859796084466811,
            0.9969063950798289,
            0.0,
            0.0,
            0.0,
            0.0,
            1.0,
            0.0,
            0.3929898042233405,
            -4.984531975399145,
            0.0,
            1.0
        ],
        [
            0.9963950883414762,
            0.08483412007548595,
            0.0,
            0.0,
            -0.08483412007548595,
            0.9963950883414762,
            0.0,
            0.0,
            0.0,
            0.0,
            1.0,
            0.0,
            0.42417060037742976,
            -4.981975441707381,
            0.0,
            1.0
        ],
        [
            0.9958793803744062,
            0.09068770448682087,
            0.0,
            0.0,
            -0.09068770448682087,
            0.9958793803744062,
            0.0,
            0.0,
            0.0,
            0.0,
            1.0,
            0.0,
            0.4534385224341043,
            -4.979396901872031,
            0.0,
            1.0
        ],
        [
            0.9953516858807118,
            0.09630691259938123,
            0.0,
            0.0,
            -0.09630691259938123,
            0.9953516858807118,
            0.0,
            0.0,
            0.0,
            0.0,
            1.0,
            0.0,
            0.48153456299690617,
            -4.976758429403559,
            0.0,
            1.0
        ],
        [
            0.9948034619272349,
            0.10181390935225115,
            0.0,
            0.0,
            -0.10181390935225115,
            0.9948034619272349,
            0.0,
            0.0,
            0.0,
            0.0,
            1.0,
            0.0,
            0.5090695467612558,
            -4.974017309636174,
            0.0,
            1.0
        ],
        [
            0.994227015114269,
            0.10729698232928601,
            0.0,
            0.0,
            -0.10729698232928601,
            0.994227015114269,
            0.0,
            0.0,
            0.0,
            0.0,
            1.0,
            0.0,
            0.5364849116464301,
            -4.971135075571345,
            0.0,
            1.0
        ],
        [
            0.9936170416185528,
            0.11280591564805074,
            0.0,
            0.0,
            -0.11280591564805074,
            0.9936170416185528,
            0.0,
            0.0,
            0.0,
            0.0,
            1.0,
            0.0,
            0.5640295782402537,
            -4.968085208092764,
            0.0,
            1.0
        ],
        [
            0.9929719301963964,
            0.11835009861441931,
            0.0,
            0.0,
            -0.11835009861441931,
            0.9929719301963964,
            0.0,
            0.0,
            0.0,
            0.0,
            1.0,
            0.0,
            0.5917504930720965,
            -4.964859650981982,
            0.0,
            1.0
        ],
        [
            0.9922948744749335,
            0.12389867671115833,
            0.0,
            0.0,
            -0.12389867671115833,
            0.9922948744749335,
            0.0,
            0.0,
            0.0,
            0.0,
            1.0,
            0.0,
            0.6194933835557916,
            -4.961474372374667,
            0.0,
            1.0
        ],
        [
            0.9915948121875862,
            0.12938210248201165,
            0.0,
            0.0,
            -0.12938210248201165,
            0.9915948121875862,
            0.0,
            0.0,
            0.0,
            0.0,
            1.0,
            0.0,
            0.6469105124100583,
            -4.95797406093793,
            0.0,
            1.0
        ],
        [
            0.990887147967677,
            0.1346946917754487,
            0.0,
            0.0,
            -0.1346946917754487,
            0.990887147967677,
            0.0,
            0.0,
            0.0,
            0.0,
            1.0,
            0.0,
            0.6734734588772435,
            -4.9544357398383845,
            0.0,
            1.0
        ],
        [
            0.9901941435883883,
            0.13969809591851365,
            0.0,
            0.0,
            -0.13969809591851365,
            0.9901941435883883,
            0.0,
            0.0,
            0.0,
            0.0,
            1.0,
            0.0,
            0.6984904795925683,
            -4.950970717941941,
            0.0,
            1.0
        ],
        [
            0.9895447942149688,
            0.14422586537114299,
            0.0,
            0.0,
            -0.14422586537114299,
            0.9895447942149688,
            0.0,
            0.0,
            0.0,
            0.0,
            1.0,
            0.0,
            0.721129326855715,
            -4.9477239710748435,
            0.0,
            1.0
        ],
        [
            0.9889739784474822,
            0.14808939851913405,
            0.0,
            0.0,
            -0.14808939851913405,
            0.9889739784474822,
            0.0,
            0.0,
            0.0,
            0.0,
            1.0,
            0.0,
            0.7404469925956703,
            -4.944869892237412,
            0.0,
            1.0
        ],
        [
            0.9885206959992405,
            0.15108551744352286,
            0.0,
            0.0,
            -0.15108551744352286,
            0.9885206959992405,
            0.0,
            0.0,
            0.0,
            0.0,
            1.0,
            0.0,
            0.7554275872176143,
            -4.942603479996203,
            0.0,
            1.0
        ],
        [
            0.988225308950683,
            0.15300568208183418,
            0.0,
            0.0,
            -0.15300568208183418,
            0.988225308950683,
            0.0,
            0.0,
            0.0,
            0.0,
            1.0,
            0.0,
            0.7650284104091709,
            -4.9411265447534145,
            0.0,
            1.0
        ],
        [
            0.9881258789046504,
            0.15364650155116494,
            0.0,
            0.0,
            -0.15364650155116494,
            0.9881258789046504,
            0.0,
            0.0,
            0.0,
            0.0,
            1.0,
            0.0,
            0.7682325077558247,
            -4.940629394523252,
            0.0,
            1.0
        ],
        [
            0.988253901830164,
            0.15282089358937945,
            0.0,
            0.0,
            -0.15282089358937945,
            0.988253901830164,
            0.0,
            0.0,
            0.0,
            0.0,
            1.0,
            0.0,
            0.7641044679468972,
            -4.94126950915082,
            0.0,
            1.0
        ],
        [
            0.9886299364204749,
            0.1503690420706591,
            0.0,
            0.0,
            -0.1503690420706591,
            0.9886299364204749,
            0.0,
            0.0,
            0.0,
            0.0,
            1.0,
            0.0,
            0.7518452103532955,
            -4.943149682102375,
            0.0,
            1.0
        ],
        [
            0.9892597329822452,
            0.14616833001678864,
            0.0,
            0.0,
            -0.14616833001678864,
            0.9892597329822452,
            0.0,
            0.0,
            0.0,
            0.0,
            1.0,
            0.0,
            0.7308416500839432,
            -4.946298664911226,
            0.0,
            1.0
        ],
        [
            0.9901314733771488,
            0.14014159064316511,
            0.0,
            0.0,
            -0.14014159064316511,
            0.9901314733771488,
            0.0,
            0.0,
            0.0,
            0.0,
            1.0,
            0.0,
            0.7007079532158256,
            -4.950657366885744,
            0.0,
            1.0
        ],
        [
            0.9912146171981714,
            0.1322633080362148,
            0.0,
            0.0,
            -0.1322633080362148,
            0.9912146171981714,
            0.0,
            0.0,
            0.0,
            0.0,
            1.0,
            0.0,
            0.661316540181074,
            -4.956073085990857,
            0.0,
            1.0
        ],
        [
            0.992460661496445,
            0.122563597295604,
            0.0,
            0.0,
            -0.122563597295604,
            0.992460661496445,
            0.0,
            0.0,
            0.0,
            0.0,
            1.0,
            0.0,
            0.61281798647802,
            -4.962303307482225,
            0.0,
            1.0
        ],
        [
            0.9938058891245563,
            0.11112990030298014,
            0.0,
            0.0,
            -0.11112990030298014,
            0.9938058891245563,
            0.0,
            0.0,
            0.0,
            0.0,
            1.0,
            0.0,
            0.5556495015149008,
            -4.969029445622781,
            0.0,
            1.0
        ],
        [
            0.9951759390757784,
            0.0981063213286621,
            0.0,
            0.0,
            -0.0981063213286621,
            0.9951759390757784,
            0.0,
            0.0,
            0.0,
            0.0,
            1.0,
            0.0,
            0.49053160664331047,
            -4.975879695378892,
            0.0,
            1.0
        ],
        [
            0.9964917995802786,
            0.08369046163845686,
            0.0,
            0.0,
            -0.08369046163845686,
            0.9964917995802786,
            0.0,
            0.0,
            0.0,
            0.0,
            1.0,
            0.0,
            0.4184523081922843,
            -4.982458997901393,
            0.0,
            1.0
        ],
        [
            0.9976766171040593,
            0.0681275838687984,
            0.0,
            0.0,
            -0.0681275838687984,
            0.9976766171040593,
            0.0,
            0.0,
            0.0,
            0.0,
            1.0,
            0.0,
            0.340637919343992,
            -4.988383085520296,
            0.0,
            1.0
        ],
        [
            0.9986625548480246,
            0.051702045843625685,
            0.0,
            0.0,
            -0.051702045843625685,
            0.9986625548480246,
            0.0,
            0.0,
            0.0,
            0.0,
            1.0,
            0.0,
            0.25851022921812844,
            -4.993312774240123,
            0.0,
            1.0
        ],
        [
            0.9993968629347305,
            0.03472622001052761,
            0.0,
            0.0,
            -0.03472622001052761,
            0.9993968629347305,
            0.0,
            0.0,
            0.0,
            0.0,
            1.0,
            0.0,
            0.17363110005263804,
            -4.996984314673653,
            0.0,
            1.0
        ],
        [
            0.9998463828024751,
            0.017527429840296132,
            0.0,
            0.0,
            -0.017527429840296132,
            0.9998463828024751,
            0.0,
            0.0,
            0.0,
            0.0,
            1.0,
            0.0,
            0.08763714920148066,
            -4.999231914012375,
            0.0,
            1.0
        ],
        [
            0.9999999059065844,
            0.0004338050511528768,
            0.0,
            0.0,
            -0.0004338050511528768,
            0.9999999059065844,
            0.0,
            0.0,
            0.0,
            0.0,
            1.0,
            0.0,
            0.002169025255764384,
            -4.999999529532922,
            0.0,
            1.0
        ],
        [
            0.9998681246598535,
            -0.016239867277402467,
            0.0,
            0.0,
            0.016239867277402467,
            0.9998681246598535,
            0.0,
            0.0,
            0.0,
            0.0,
            1.0,
            0.0,
            -0.08119933638701234,
            -4.999340623299267,
            0.0,
            1.0
        ],
        [
            0.9994812767584422,
            -0.03220523884889225,
            0.0,
            0.0,
            0.03220523884889225,
            0.9994812767584422,
            0.0,
            0.0,
            0.0,
            0.0,
            1.0,
            0.0,
            -0.16102619424446127,
            -4.997406383792211,
            0.0,
            1.0
        ],
        [
            0.998884910415506,
            -0.04721160603290891,
            0.0,
            0.0,
            0.04721160603290891,
            0.998884910415506,
            0.0,
            0.0,
            0.0,
            0.0,
            1.0,
            0.0,
            -0.23605803016454455,
            -4.99442455207753,
            0.0,
            1.0
        ],
        [
            0.9981344215005815,
            -0.0610547018312219,
            0.0,
            0.0,
            0.0610547018312219,
            0.9981344215005815,
            0.0,
            0.0,
            0.0,
            0.0,
            1.0,
            0.0,
            -0.3052735091561095,
            -4.990672107502908,
            0.0,
            1.0
        ],
        [
            0.9972891082475437,
            -0.07358284155167692,
            0.0,
            0.0,
            0.07358284155167692,
            0.9972891082475437,
            0.0,
            0.0,
            0.0,
            0.0,
            1.0,
            0.0,
            -0.3679142077583846,
            -4.986445541237718,
            0.0,
            1.0
        ],
        [
            0.9964064671129366,
            -0.08470036774132929,
            0.0,
            0.0,
            0.08470036774132929,
            0.9964064671129366,
            0.0,
            0.0,
            0.0,
            0.0,
            1.0,
            0.0,
            -0.4235018387066464,
            -4.982032335564683,
            0.0,
            1.0
        ],
        [
            0.9955373465839356,
            -0.09436838218713348,
            0.0,
            0.0,
            0.09436838218713348,
            0.9955373465839356,
            0.0,
            0.0,
            0.0,
            0.0,
            1.0,
            0.0,
            -0.4718419109356674,
            -4.977686732919678,
            0.0,
            1.0
        ],
        [
            0.9947224145240876,
            -0.10260271947355569,
            0.0,
            0.0,
            0.10260271947355569,
            0.9947224145240876,
            0.0,
            0.0,
            0.0,
            0.0,
            1.0,
            0.0,
            -0.5130135973677784,
            -4.973612072620438,
            0.0,
            1.0
        ],
        [
            0.9939901980067788,
            -0.10946911101513805,
            0.0,
            0.0,
            0.10946911101513805,
            0.9939901980067788,
            0.0,
            0.0,
            0.0,
            0.0,
            1.0,
            0.0,
            -0.5473455550756903,
            -4.969950990033894,
            0.0,
            1.0
        ],
        [
            0.9933567370626132,
            -0.1150755965977076,
            0.0,
            0.0,
            0.1150755965977076,
            0.9933567370626132,
            0.0,
            0.0,
            0.0,
            0.0,
            1.0,
            0.0,
            -0.5753779829885379,
            -4.966783685313066,
            0.0,
            1.0
        ],
        [
            0.9928266750781506,
            -0.11956250772405354,
            0.0,
            0.0,
            0.11956250772405354,
            0.9928266750781506,
            0.0,
            0.0,
            0.0,
            0.0,
            1.0,
            0.0,
