{
    "4804300112": [
        [
            1.0,
            0.0,
            0.0,
            0.0,
            -0.0,
            1.0,
            0.0,
            0.0,
            0.0,
            0.0,
            1.0,
            0.0,
            0.0,
            -5.0,
            0.0,
            1.0
        ],
        [
            0.9999999999484643,
            1.0152402342590189e-05,
            0.0,
            0.0,
            -1.0152402342590189e-05,
            0.9999999999484643,
            0.0,
            0.0,
            0.0,
            0.0,
            1.0,
            0.0,
            5.076201171295094e-05,
            -4.999999999742322,
            0.0,
            1.0
        ],
        [
            0.9999999868203325,
            0.0001623555809357375,
            0.0,
            0.0,
            -0.0001623555809357375,
            0.9999999868203325,
            0.0,
            0.0,
            0.0,
            0.0,
            1.0,
            0.0,
            0.0008117779046786875,
            -4.9999999341016625,
            0.0,
            1.0
        ],
        [
            0.9999996626549423,
            0.000821395155468914,
            0.0,
            0.0,
            -0.000821395155468914,
            0.9999996626549423,
            0.0,
            0.0,
            0.0,
            0.0,
            1.0,
            0.0,
            0.00410697577734457,
            -4.999998313274712,
            0.0,
            1.0
        ],
        [
            0.9999966339732959,
            0.00259461790601387,
            0.0,
            0.0,
            -0.00259461790601387,
            0.9999966339732959,
            0.0,
            0.0,
            0.0,
            0.0,
            1.0,
            0.0,
            0.01297308953006935,
            -4.999983169866479,
            0.0,
            1.0
        ],
        [
            0.9999799374239279,
            0.006334409967573245,
            0.0,
            0.0,
            -0.006334409967573245,
            0.9999799374239279,
            0.0,
            0.0,
            0.0,
            0.0,
            1.0,
            0.0,
            0.03167204983786622,
            -4.9998996871196395,
            0.0,
            1.0
        ],
        [
            0.9999135448590284,
            0.013149251212591601,
            0.0,
            0.0,
            -0.013149251212591601,
            0.9999135448590284,
            0.0,
            0.0,
            0.0,
            0.0,
            1.0,
            0.0,
            0.065746256062958,
            -4.999567724295142,
            0.0,
            1.0
        ],
        [
            0.9997014826150865,
            0.024432471369018036,
            0.0,
            0.0,
            -0.024432471369018036,
            0.9997014826150865,
            0.0,
            0.0,
            0.0,
            0.0,
            1.0,
            0.0,
            0.12216235684509018,
            -4.998507413075433,
            0.0,
            1.0
        ],
        [
            0.99912093121755,
            0.041920935139566524,
            0.0,
            0.0,
            -0.041920935139566524,
            0.99912093121755,
            0.0,
            0.0,
            0.0,
            0.0,
            1.0,
            0.0,
            0.20960467569783262,
            -4.99560465608775,
            0.0,
            1.0
        ],
        [
            0.997699569101415,
            0.06779063220571817,
            0.0,
            0.0,
            -0.06779063220571817,
            0.997699569101415,
            0.0,
            0.0,
            0.0,
            0.0,
            1.0,
            0.0,
            0.33895316102859085,
            -4.988497845507075,
            0.0,
            1.0
        ],
        [
            0.9945000299399442,
            0.10473629003096299,
            0.0,
            0.0,
            -0.10473629003096299,
            0.9945000299399442,
            0.0,
            0.0,
            0.0,
            0.0,
            1.0,
            0.0,
            0.5236814501548149,
            -4.972500149699721,
            0.0,
            1.0
        ],
        [
            0.9878158329531951,
            0.15562737602036936,
            0.0,
            0.0,
            -0.15562737602036936,
            0.9878158329531951,
            0.0,
            0.0,
            0.0,
            0.0,
            1.0,
            0.0,
            0.7781368801018468,
            -4.9390791647659755,
            0.0,
            1.0
        ],
        [
            0.9753041627368634,
            0.22086600043498308,
            0.0,
            0.0,
            -0.22086600043498308,
            0.9753041627368634,
            0.0,
            0.0,
            0.0,
            0.0,
            1.0,
            0.0,
            1.1043300021749154,
            -4.876520813684317,
            0.0,
            1.0
        ],
        [
            0.9566853860654322,
            0.2911238088663224,
            0.0,
            0.0,
            -0.2911238088663224,
            0.9566853860654322,
            0.0,
            0.0,
            0.0,
            0.0,
            1.0,
            0.0,
            1.455619044331612,
            -4.783426930327161,
            0.0,
            1.0
        ],
        [
            0.9370465224122531,
            0.34920454583968835,
            0.0,
            0.0,
            -0.34920454583968835,
            0.9370465224122531,
            0.0,
            0.0,
            0.0,
            0.0,
            1.0,
            0.0,
            1.7460227291984418,
            -4.685232612061265,
            0.0,
            1.0
        ],
        [
            0.9219141373625718,
            0.38739427374578617,
            0.0,
            0.0,
            -0.38739427374578617,
            0.9219141373625718,
            0.0,
            0.0,
            0.0,
            0.0,
            1.0,
            0.0,
            1.9369713687289307,
            -4.609570686812859,
            0.0,
            1.0
        ],
        [
            0.9133131743310099,
            0.4072579595212528,
            0.0,
            0.0,
            -0.4072579595212528,
            0.9133131743310099,
            0.0,
            0.0,
            0.0,
            0.0,
            1.0,
            0.0,
            2.036289797606264,
            -4.566565871655049,
            0.0,
            1.0
        ],
        [
            0.9111926296975382,
            0.4119805718536798,
            0.0,
            0.0,
            -0.4119805718536798,
            0.9111926296975382,
            0.0,
            0.0,
            0.0,
            0.0,
            1.0,
            0.0,
            2.0599028592683992,
            -4.555963148487691,
            0.0,
            1.0
        ],
        [
            0.9147062445331858,
            0.40411939598588387,
            0.0,
            0.0,
            -0.40411939598588387,
            0.9147062445331858,
            0.0,
            0.0,
            0.0,
            0.0,
            1.0,
            0.0,
            2.0205969799294192,
            -4.573531222665929,
            0.0,
            1.0
        ],
        [
            0.9226835417805115,
            0.3855581431215934,
            0.0,
            0.0,
            -0.3855581431215934,
            0.9226835417805115,
            0.0,
            0.0,
            0.0,
            0.0,
            1.0,
            0.0,
            1.927790715607967,
            -4.613417708902557,
            0.0,
            1.0
        ],
        [
            0.9338179332644566,
            0.35774860938052405,
            0.0,
            0.0,
            -0.35774860938052405,
            0.9338179332644566,
            0.0,
            0.0,
            0.0,
            0.0,
            1.0,
            0.0,
            1.7887430469026202,
            -4.669089666322283,
            0.0,
            1.0
        ],
        [
            0.9467784453542536,
            0.3218859664735054,
            0.0,
            0.0,
            -0.3218859664735054,
            0.9467784453542536,
            0.0,
            0.0,
            0.0,
            0.0,
            1.0,
            0.0,
            1.6094298323675271,
            -4.7338922267712675,
            0.0,
            1.0
        ],
        [
            0.9602936694406361,
            0.2789911619249582,
            0.0,
            0.0,
            -0.2789911619249582,
            0.9602936694406361,
            0.0,
            0.0,
            0.0,
            0.0,
            1.0,
            0.0,
            1.3949558096247912,
            -4.801468347203181,
            0.0,
            1.0
        ],
        [
            0.9732092496803559,
            0.22992119592721005,
            0.0,
            0.0,
            -0.22992119592721005,
            0.9732092496803559,
            0.0,
            0.0,
            0.0,
            0.0,
            1.0,
            0.0,
            1.1496059796360503,
            -4.86604624840178,
            0.0,
            1.0
        ],
        [
            0.9845093766870481,
            0.1753319343852684,
            0.0,
            0.0,
            -0.1753319343852684,
            0.9845093766870481,
            0.0,
            0.0,
            0.0,
            0.0,
            1.0,
            0.0,
            0.876659671926342,
            -4.92254688343524,
            0.0,
            1.0
        ],
        [
            0.993294052080262,
            0.11561542328761272,
            0.0,
            0.0,
            -0.11561542328761272,
            0.993294052080262,
            0.0,
            0.0,
            0.0,
            0.0,
            1.0,
            0.0,
            0.5780771164380636,
            -4.9664702604013105,
            0.0,
            1.0
        ],
        [
            0.9987073844050547,
            0.050828735325741614,
            0.0,
            0.0,
            -0.050828735325741614,
            0.9987073844050547,
            0.0,
            0.0,
            0.0,
            0.0,
            1.0,
            0.0,
            0.25414367662870807,
            -4.993536922025274,
            0.0,
            1.0
        ],
        [
            0.9998123461169091,
            -0.019371952720416766,
            0.0,
            0.0,
            0.019371952720416766,
            0.9998123461169091,
            0.0,
            0.0,
            0.0,
            0.0,
            1.0,
            0.0,
            -0.09685976360208383,
            -4.999061730584545,
            0.0,
            1.0
        ],
        [
            0.9954040153076705,
            -0.09576453576020047,
            0.0,
            0.0,
            0.09576453576020047,
            0.9954040153076705,
            0.0,
            0.0,
            0.0,
            0.0,
            1.0,
            0.0,
            -0.4788226788010024,
            -4.977020076538353,
            0.0,
            1.0
        ],
        [
            0.9837679562101722,
            -0.17944527949784803,
            0.0,
            0.0,
            0.17944527949784803,
            0.9837679562101722,
            0.0,
            0.0,
            0.0,
            0.0,
            1.0,
            0.0,
            -0.8972263974892402,
            -4.9188397810508615,
            0.0,
            1.0
        ],
        [
            0.9625538224850214,
            -0.271090646868301,
            0.0,
            0.0,
            0.271090646868301,
            0.9625538224850214,
            0.0,
            0.0,
            0.0,
            0.0,
            1.0,
            0.0,
            -1.3554532343415049,
            -4.812769112425107,
            0.0,
            1.0
        ],
        [
            0.9296898160555865,
            -0.36834338045162385,
            0.0,
            0.0,
            0.36834338045162385,
            0.9296898160555865,
            0.0,
            0.0,
            0.0,
            0.0,
            1.0,
            0.0,
            -1.8417169022581192,
            -4.648449080277933,
            0.0,
            1.0
        ],
        [
            0.8868287033067411,
            -0.46209831312317523,
            0.0,
            0.0,
            0.46209831312317523,
            0.8868287033067411,
            0.0,
            0.0,
            0.0,
            0.0,
            1.0,
            0.0,
            -2.310491565615876,
            -4.434143516533705,
            0.0,
            1.0
        ],
        [
            0.8408556935120685,
            -0.5412593672984685,
            0.0,
            0.0,
            0.5412593672984685,
            0.8408556935120685,
            0.0,
            0.0,
            0.0,
            0.0,
            1.0,
            0.0,
            -2.706296836492342,
            -4.204278467560342,
            0.0,
            1.0
        ],
        [
            0.7982226773431871,
            -0.602362480052563,
            0.0,
            0.0,
            0.602362480052563,
            0.7982226773431871,
            0.0,
            0.0,
            0.0,
            0.0,
            1.0,
            0.0,
            -3.011812400262815,
            -3.991113386715935,
            0.0,
            1.0
        ],
        [
            0.7619705742402566,
            -0.6476116459669126,
            0.0,
            0.0,
            0.6476116459669126,
            0.7619705742402566,
            0.0,
            0.0,
            0.0,
            0.0,
            1.0,
            0.0,
            -3.2380582298345626,
            -3.809852871201283,
            0.0,
            1.0
        ],
        [
            0.7331595793220427,
            -0.6800566382650237,
            0.0,
            0.0,
            0.6800566382650237,
            0.7331595793220427,
            0.0,
            0.0,
            0.0,
            0.0,
            1.0,
            0.0,
            -3.4002831913251184,
            -3.665797896610213,
            0.0,
            1.0
        ],
        [
            0.7120992995539754,
            -0.7020787616604975,
            0.0,
            0.0,
            0.7020787616604975,
            0.7120992995539754,
            0.0,
            0.0,
            0.0,
            0.0,
            1.0,
            0.0,
            -3.5103938083024877,
            -3.5604964977698774,
            0.0,
            1.0
        ],
        [
            0.6988122343788269,
            -0.7153051524227066,
            0.0,
            0.0,
            0.7153051524227066,
            0.6988122343788269,
            0.0,
            0.0,
            0.0,
            0.0,
            1.0,
            0.0,
            -3.5765257621135333,
            -3.4940611718941343,
            0.0,
            1.0
        ],
        [
            0.6931786747651745,
            -0.7207657905663922,
            0.0,
            0.0,
            0.7207657905663922,
            0.6931786747651745,
            0.0,
            0.0,
            0.0,
            0.0,
            1.0,
            0.0,
            -3.603828952831961,
            -3.4658933738258724,
            0.0,
            1.0
        ],
        [
            0.694978237716566,
            -0.7190307706213805,
            0.0,
            0.0,
            0.7190307706213805,
            0.694978237716566,
            0.0,
            0.0,
            0.0,
            0.0,
            1.0,
            0.0,
            -3.5951538531069027,
            -3.4748911885828297,
            0.0,
            1.0
        ],
        [
            0.7039000112471887,
            -0.7102990737472544,
            0.0,
            0.0,
            0.7102990737472544,
            0.7039000112471887,
            0.0,
            0.0,
            0.0,
            0.0,
            1.0,
            0.0,
            -3.5514953687362723,
            -3.5195000562359438,
            0.0,
            1.0
        ],
        [
            0.7195442639121524,
            -0.6944465798541445,
            0.0,
            0.0,
            0.6944465798541445,
            0.7195442639121524,
            0.0,
            0.0,
            0.0,
            0.0,
            1.0,
            0.0,
            -3.4722328992707223,
            -3.5977213195607622,
            0.0,
            1.0
        ],
        [
            0.7414216524401103,
            -0.6710394424271768,
            0.0,
            0.0,
            0.6710394424271768,
            0.7414216524401103,
            0.0,
            0.0,
            0.0,
            0.0,
            1.0,
            0.0,
            -3.3551972121358844,
            -3.7071082622005513,
            0.0,
            1.0
        ],
        [
            0.7689475754571563,
            -0.6393118379934482,
            0.0,
            0.0,
            0.6393118379934482,
            0.7689475754571563,
            0.0,
            0.0,
            0.0,
            0.0,
            1.0,
            0.0,
            -3.1965591899672408,
            -3.8447378772857816,
            0.0,
            1.0
        ],
        [
            0.8014211427610596,
            -0.5981004530474435,
            0.0,
            0.0,
            0.5981004530474435,
            0.8014211427610596,
            0.0,
            0.0,
            0.0,
            0.0,
            1.0,
            0.0,
            -2.9905022652372177,
            -4.007105713805298,
            0.0,
            1.0
        ],
        [
            0.8379631871391996,
            -0.5457267603842739,
            0.0,
            0.0,
            0.5457267603842739,
            0.8379631871391996,
            0.0,
            0.0,
            0.0,
            0.0,
            1.0,
            0.0,
            -2.7286338019213696,
            -4.189815935695998,
            0.0,
            1.0
        ],
        [
            0.8773514641497979,
            -0.4798483180695811,
            0.0,
            0.0,
            0.4798483180695811,
            0.8773514641497979,
            0.0,
            0.0,
            0.0,
            0.0,
            1.0,
            0.0,
            -2.3992415903479056,
            -4.386757320748989,
            0.0,
            1.0
        ],
        [
            0.9176040676994723,
            -0.39749562883305056,
            0.0,
            0.0,
            0.39749562883305056,
            0.9176040676994723,
            0.0,
            0.0,
            0.0,
            0.0,
            1.0,
            0.0,
            -1.987478144165253,
            -4.588020338497362,
            0.0,
            1.0
        ],
        [
            0.9550736204073876,
            -0.2963686548910414,
            0.0,
            0.0,
            0.2963686548910414,
            0.9550736204073876,
            0.0,
            0.0,
            0.0,
            0.0,
            1.0,
            0.0,
            -1.481843274455207,
            -4.775368102036938,
            0.0,
            1.0
        ],
        [
            0.9837001452969889,
            -0.17981664033865988,
            0.0,
            0.0,
            0.17981664033865988,
            0.9837001452969889,
            0.0,
            0.0,
            0.0,
            0.0,
            1.0,
            0.0,
            -0.8990832016932994,
            -4.918500726484945,
            0.0,
            1.0
        ],
        [
            0.9981480212112932,
            -0.060831963242852796,
            0.0,
            0.0,
            0.060831963242852796,
            0.9981480212112932,
            0.0,
            0.0,
            0.0,
            0.0,
            1.0,
            0.0,
            -0.30415981621426397,
            -4.990740106056466,
            0.0,
            1.0
        ],
        [
            0.9988254298917648,
            0.048453695437305204,
            0.0,
            0.0,
            -0.048453695437305204,
            0.9988254298917648,
            0.0,
            0.0,
            0.0,
            0.0,
            1.0,
            0.0,
            0.24226847718652603,
            -4.994127149458824,
            0.0,
            1.0
        ],
        [
            0.9894705793850087,
            0.14473414431810863,
            0.0,
            0.0,
            -0.14473414431810863,
            0.9894705793850087,
            0.0,
            0.0,
            0.0,
            0.0,
            1.0,
            0.0,
            0.7236707215905431,
            -4.947352896925043,
            0.0,
            1.0
        ],
        [
            0.9734291804517253,
            0.22898827621754417,
            0.0,
            0.0,
            -0.22898827621754417,
            0.9734291804517253,
            0.0,
            0.0,
            0.0,
            0.0,
            1.0,
            0.0,
            1.144941381087721,
            -4.867145902258627,
            0.0,
            1.0
        ],
        [
            0.9530720370745709,
            0.30274360793669586,
            0.0,
            0.0,
            -0.30274360793669586,
            0.9530720370745709,
            0.0,
            0.0,
            0.0,
            0.0,
            1.0,
            0.0,
            1.5137180396834793,
            -4.765360185372854,
            0.0,
            1.0
        ],
        [
            0.9301733035255699,
            0.36712072320740474,
            0.0,
            0.0,
            -0.36712072320740474,
            0.9301733035255699,
            0.0,
            0.0,
            0.0,
            0.0,
            1.0,
            0.0,
            1.8356036160370237,
            -4.65086651762785,
            0.0,
            1.0
        ],
        [
            0.9062375638385953,
            0.42276882322125875,
            0.0,
            0.0,
            -0.42276882322125875,
            0.9062375638385953,
            0.0,
            0.0,
            0.0,
            0.0,
            1.0,
            0.0,
            2.1138441161062937,
            -4.531187819192977,
            0.0,
            1.0
        ],
        [
            0.8826823370136683,
            0.46997009684030855,
            0.0,
            0.0,
            -0.46997009684030855,
            0.8826823370136683,
            0.0,
            0.0,
            0.0,
            0.0,
            1.0,
            0.0,
            2.349850484201543,
            -4.413411685068342,
            0.0,
            1.0
        ],
        [
            0.8609175760498575,
            0.5087444616390805,
            0.0,
            0.0,
            -0.5087444616390805,
            0.8609175760498575,
            0.0,
            0.0,
            0.0,
            0.0,
            1.0,
            0.0,
            2.5437223081954023,
            -4.304587880249287,
            0.0,
            1.0
        ],
        [
            0.842359031121166,
            0.5389167493116265,
            0.0,
            0.0,
            -0.5389167493116265,
            0.842359031121166,
            0.0,
            0.0,
            0.0,
            0.0,
            1.0,
            0.0,
            2.6945837465581324,
            -4.21179515560583,
            0.0,
            1.0
        ],
        [
            0.8284024401643886,
            0.5601333744115651,
            0.0,
            0.0,
            -0.5601333744115651,
            0.8284024401643886,
            0.0,
            0.0,
            0.0,
            0.0,
            1.0,
            0.0,
            2.8006668720578256,
            -4.142012200821943,
            0.0,
            1.0
        ],
        [
            0.8203794065090422,
            0.5718195776430463,
            0.0,
            0.0,
            -0.5718195776430463,
            0.8203794065090422,
            0.0,
            0.0,
            0.0,
            0.0,
            1.0,
            0.0,
            2.8590978882152314,
            -4.101897032545211,
            0.0,
            1.0
        ],
        [
            0.8195072197065282,
            0.5730688587324181,
            0.0,
            0.0,
            -0.5730688587324181,
            0.8195072197065282,
            0.0,
            0.0,
            0.0,
            0.0,
            1.0,
            0.0,
            2.8653442936620905,
            -4.097536098532641,
            0.0,
            1.0
        ],
        [
            0.8268233703075296,
            0.5624616558604665,
            0.0,
            0.0,
            -0.5624616558604665,
            0.8268233703075296,
            0.0,
            0.0,
            0.0,
            0.0,
            1.0,
            0.0,
            2.812308279302332,
            -4.134116851537648,
            0.0,
            1.0
        ],
        [
            0.8430314198487311,
            0.5378643185300848,
            0.0,
            0.0,
            -0.5378643185300848,
            0.8430314198487311,
            0.0,
            0.0,
            0.0,
            0.0,
            1.0,
            0.0,
            2.689321592650424,
            -4.215157099243656,
            0.0,
            1.0
        ],
        [
            0.8679857005347855,
            0.49658919004257196,
            0.0,
            0.0,
            -0.49658919004257196,
            0.8679857005347855,
            0.0,
            0.0,
            0.0,
            0.0,
            1.0,
            0.0,
            2.48294595021286,
            -4.339928502673928,
            0.0,
            1.0
        ],
        [
            0.8991892476401165,
            0.43755993524133485,
            0.0,
            0.0,
            -0.43755993524133485,
            0.8991892476401165,
            0.0,
            0.0,
            0.0,
            0.0,
            1.0,
            0.0,
            2.1877996762066743,
            -4.495946238200583,
            0.0,
            1.0
        ],
        [
            0.9301681154668526,
            0.36713386791311403,
            0.0,
            0.0,
            -0.36713386791311403,
            0.9301681154668526,
            0.0,
            0.0,
            0.0,
            0.0,
            1.0,
            0.0,
            1.83566933956557,
            -4.650840577334263,
            0.0,
            1.0
        ],
        [
            0.9544830508055281,
            0.29826516009244486,
            0.0,
            0.0,
            -0.29826516009244486,
            0.9544830508055281,
            0.0,
            0.0,
            0.0,
            0.0,
            1.0,
            0.0,
            1.4913258004622243,
            -4.77241525402764,
            0.0,
            1.0
        ],
        [
            0.9711724941838914,
            0.23837782308897665,
            0.0,
            0.0,
            -0.23837782308897665,
            0.9711724941838914,
            0.0,
            0.0,
            0.0,
            0.0,
            1.0,
            0.0,
            1.1918891154448832,
            -4.855862470919457,
            0.0,
            1.0
        ],
        [
            0.9822023760611911,
            0.18782569701654364,
            0.0,
            0.0,
            -0.18782569701654364,
            0.9822023760611911,
            0.0,
            0.0,
            0.0,
            0.0,
            1.0,
            0.0,
            0.9391284850827182,
            -4.9110118803059555,
            0.0,
            1.0
        ],
        [
            0.9894696463280602,
            0.14474052299001602,
            0.0,
            0.0,
            -0.14474052299001602,
            0.9894696463280602,
            0.0,
            0.0,
            0.0,
            0.0,
            1.0,
            0.0,
            0.7237026149500801,
            -4.9473482316403015,
            0.0,
            1.0
        ],
        [
            0.994241029712253,
            0.10716704174660573,
            0.0,
            0.0,
            -0.10716704174660573,
            0.994241029712253,
            0.0,
            0.0,
            0.0,
            0.0,
            1.0,
            0.0,
            0.5358352087330286,
            -4.971205148561265,
            0.0,
            1.0
        ],
        [
            0.9972951346561139,
            0.07350111829927235,
            0.0,
            0.0,
            -0.07350111829927235,
            0.9972951346561139,
            0.0,
            0.0,
            0.0,
            0.0,
            1.0,
            0.0,
            0.36750559149636175,
            -4.9864756732805695,
            0.0,
            1.0
        ],
        [
            0.9990959604597323,
            0.042511901781089934,
            0.0,
            0.0,
            -0.042511901781089934,
            0.9990959604597323,
            0.0,
            0.0,
            0.0,
            0.0,
            1.0,
            0.0,
            0.21255950890544967,
            -4.995479802298661,
            0.0,
            1.0
        ],
        [
            0.9999115091748246,
            0.01330315074426599,
            0.0,
            0.0,
            -0.01330315074426599,
            0.9999115091748246,
            0.0,
            0.0,
            0.0,
            0.0,
            1.0,
            0.0,
            0.06651575372132995,
            -4.999557545874123,
            0.0,
            1.0
        ],
        [
            0.9998916951910537,
            -0.014717264961971368,
            0.0,
            0.0,
            0.014717264961971368,
            0.9998916951910537,
            0.0,
            0.0,
            0.0,
            0.0,
            1.0,
            0.0,
            -0.07358632480985684,
            -4.999458475955269,
            0.0,
            1.0
        ],
        [
            0.9991237433508606,
            -0.04185385851464146,
            0.0,
            0.0,
            0.04185385851464146,
            0.9991237433508606,
            0.0,
            0.0,
            0.0,
            0.0,
            1.0,
            0.0,
            -0.2092692925732073,
            -4.995618716754303,
            0.0,
            1.0
        ],
        [
            0.9976763209718911,
            -0.0681319203603723,
            0.0,
            0.0,
            0.0681319203603723,
            0.9976763209718911,
            0.0,
            0.0,
            0.0,
            0.0,
            1.0,
            0.0,
            -0.3406596018018615,
            -4.988381604859455,
            0.0,
            1.0
        ],
        [
            0.9956376342951888,
            -0.09330434703206389,
            0.0,
            0.0,
            0.09330434703206389,
            0.9956376342951888,
            0.0,
            0.0,
            0.0,
            0.0,
            1.0,
            0.0,
            -0.4665217351603195,
            -4.978188171475944,
            0.0,
            1.0
        ],
        [
            0.9931482241155852,
            -0.11686147755380819,
            0.0,
            0.0,
            0.11686147755380819,
            0.9931482241155852,
            0.0,
            0.0,
            0.0,
            0.0,
            1.0,
            0.0,
            -0.5843073877690409,
            -4.965741120577926,
            0.0,
            1.0
        ],
        [
            0.9904258989963003,
            -0.1380454222253324,
            0.0,
            0.0,
            0.1380454222253324,
            0.9904258989963003,
            0.0,
            0.0,
            0.0,
            0.0,
            1.0,
            0.0,
            -0.690227111126662,
            -4.952129494981501,
            0.0,
            1.0
        ],
        [
            0.9877781594237725,
            -0.15586631376081347,
            0.0,
            0.0,
            0.15586631376081347,
            0.9877781594237725,
            0.0,
            0.0,
            0.0,
            0.0,
            1.0,
            0.0,
            -0.7793315688040674,
            -4.938890797118862,
            0.0,
            1.0
        ],
        [
            0.9855966928278865,
            -0.1691128590224073,
            0.0,
            0.0,
            0.1691128590224073,
            0.9855966928278865,
            0.0,
            0.0,
            0.0,
            0.0,
            1.0,
            0.0,
            -0.8455642951120366,
            -4.927983464139433,
            0.0,
            1.0
        ],
        [
            0.9843286635928489,
            -0.17634364754511597,
            0.0,
            0.0,
            0.17634364754511597,
            0.9843286635928489,
            0.0,
            0.0,
            0.0,
            0.0,
            1.0,
            0.0,
            -0.8817182377255799,
            -4.921643317964245,
            0.0,
            1.0
        ],
        [
            0.9844189416111612,
            -0.17583898144939691,
            0.0,
            0.0,
            0.17583898144939691,
            0.9844189416111612,
            0.0,
            0.0,
            0.0,
            0.0,
            1.0,
            0.0,
            -0.8791949072469846,
            -4.9220947080558055,
            0.0,
            1.0
        ],
        [
            0.9862121162060767,
            -0.1654861379340632,
            0.0,
            0.0,
            0.1654861379340632,
            0.9862121162060767,
            0.0,
            0.0,
            0.0,
            0.0,
            1.0,
            0.0,
            -0.827430689670316,
            -4.931060581030383,
            0.0,
            1.0
        ],
        [
            0.9897838434843602,
            -0.14257609609372632,
            0.0,
            0.0,
            0.14257609609372632,
            0.9897838434843602,
            0.0,
            0.0,
            0.0,
            0.0,
            1.0,
            0.0,
            -0.7128804804686316,
            -4.9489192174218015,
            0.0,
            1.0
        ],
        [
            0.9946193069276547,
            -0.10359746274282895,
            0.0,
            0.0,
            0.10359746274282895,
            0.9946193069276547,
            0.0,
            0.0,
            0.0,
            0.0,
            1.0,
            0.0,
            -0.5179873137141447,
            -4.973096534638273,
            0.0,
            1.0
        ],
        [
            0.9989920554128914,
            -0.04488733921638295,
            0.0,
            0.0,
            0.04488733921638295,
            0.9989920554128914,
            0.0,
            0.0,
            0.0,
            0.0,
            1.0,
            0.0,
            -0.22443669608191474,
            -4.9949602770644566,
            0.0,
            1.0
        ],
        [
            0.9994910511886227,
            0.03190044817650868,
            0.0,
            0.0,
            -0.03190044817650868,
            0.9994910511886227,
            0.0,
            0.0,
            0.0,
            0.0,
            1.0,
            0.0,
            0.1595022408825434,
            -4.997455255943113,
            0.0,
            1.0
        ],
        [
            0.9939648531999465,
            0.10969900001006744,
            0.0,
            0.0,
            -0.10969900001006744,
            0.9939648531999465,
            0.0,
            0.0,
            0.0,
            0.0,
            1.0,
            0.0,
            0.5484950000503372,
            -4.9698242659997325,
            0.0,
            1.0
        ],
        [
            0.9854861308176494,
            0.16975596003103685,
            0.0,
            0.0,
            -0.16975596003103685,
            0.9854861308176494,
            0.0,
            0.0,
            0.0,
            0.0,
            1.0,
            0.0,
            0.8487798001551843,
            -4.927430654088247,
            0.0,
            1.0
        ],
        [
            0.9779094547615802,
            0.20902894126868865,
            0.0,
            0.0,
            -0.20902894126868865,
            0.9779094547615802,
            0.0,
            0.0,
            0.0,
            0.0,
            1.0,
            0.0,
            1.0451447063434434,
            -4.889547273807901,
            0.0,
            1.0
        ],
        [
            0.9729329591757764,
            0.23108755256280492,
            0.0,
            0.0,
            -0.23108755256280492,
            0.9729329591757764,
            0.0,
            0.0,
            0.0,
            0.0,
            1.0,
            0.0,
            1.1554377628140247,
            -4.864664795878882,
            0.0,
            1.0
        ],
        [
            0.9708819077384062,
            0.23955859664439708,
            0.0,
            0.0,
            -0.23955859664439708,
            0.9708819077384062,
            0.0,
            0.0,
            0.0,
            0.0,
            1.0,
            0.0,
            1.1977929832219854,
            -4.854409538692031,
            0.0,
            1.0
        ],
        [
            0.9714565126110842,
            0.23721771456935978,
            0.0,
            0.0,
            -0.23721771456935978,
            0.9714565126110842,
            0.0,
            0.0,
            0.0,
            0.0,
            1.0,
            0.0,
            1.186088572846799,
            -4.8572825630554215,
            0.0,
            1.0
        ],
        [
            0.9740802274601775,
            0.2262028082741876,
            0.0,
            0.0,
            -0.2262028082741876,
            0.9740802274601775,
            0.0,
            0.0,
            0.0,
            0.0,
            1.0,
            0.0,
            1.131014041370938,
            -4.870401137300887,
            0.0,
            1.0
        ],
        [
            0.9780760555871219,
            0.20824799995951318,
            0.0,
            0.0,
            -0.20824799995951318,
            0.9780760555871219,
            0.0,
            0.0,
            0.0,
            0.0,
            1.0,
            0.0,
            1.0412399997975659,
            -4.890380277935609,
            0.0,
            1.0
        ],
        [
            0.9827727412463848,
            0.18481812428186353,
            0.0,
            0.0,
            -0.18481812428186353,
            0.9827727412463848,
            0.0,
            0.0,
            0.0,
            0.0,
            1.0,
            0.0,
            0.9240906214093176,
            -4.913863706231924,
            0.0,
            1.0
        ],
        [
            0.9875724309601143,
            0.1571645430990409,
            0.0,
            0.0,
            -0.1571645430990409,
            0.9875724309601143,
            0.0,
            0.0,
            0.0,
            0.0,
            1.0,
            0.0,
            0.7858227154952045,
            -4.9378621548005714,
            0.0,
            1.0
        ],
        [
            0.9919879971324677,
            0.12633215562601408,
            0.0,
            0.0,
            -0.12633215562601408,
            0.9919879971324677,
            0.0,
            0.0,
            0.0,
            0.0,
            1.0,
            0.0,
            0.6316607781300704,
            -4.959939985662338,
            0.0,
            1.0
        ],
        [
            0.9956528998178114,
            0.0931413070789935,
            0.0,
            0.0,
            -0.0931413070789935,
            0.9956528998178114,
            0.0,
            0.0,
            0.0,
            0.0,
            1.0,
            0.0,
            0.4657065353949675,
            -4.9782644990890565,
            0.0,
            1.0
        ],
        [
