{
    "4814156368": [
        [
            0.984807753012208,
            0.17101007166283433,
            0.030153689607045803,
            0.0,
            -0.17364817766693033,
            0.9698463103929541,
            0.17101007166283433,
            0.0,
            0.0,
            -0.17364817766693033,
            0.984807753012208,
            0.0,
            0.8682408883346516,
            -4.84923155196477,
            -0.8550503583141716,
            1.0
        ],
        [
            0.985020987977982,
            0.16985104498966702,
            0.02973677451907782,
            0.0,
            -0.1724344897138631,
            0.970263225312074,
            0.16986942150996837,
            0.0,
            0.0,
            -0.17245259094293067,
            0.985017819065762,
            0.0,
            0.8621724485693155,
            -4.85131612656037,
            -0.8493471075498418,
            1.0
        ],
        [
            0.9856423997579081,
            0.16642007602095804,
            0.028520485561270802,
            0.0,
            -0.16884626083947524,
            0.9714795120819234,
            0.16648873176763618,
            0.0,
            0.0,
            -0.1689139304564504,
            0.9856308051688286,
            0.0,
            0.8442313041973761,
            -4.857397560409617,
            -0.8324436588381809,
            1.0
        ],
        [
            0.9866194668890541,
            0.1608547469325521,
            0.02660409639178094,
            0.0,
            -0.16303995692945505,
            0.9733958941968835,
            0.160991942671336,
            0.0,
            0.0,
            -0.16317531538168975,
            0.9865970892163052,
            0.0,
            0.8151997846472753,
            -4.866979470984418,
            -0.80495971335668,
            1.0
        ],
        [
            0.9878722403890563,
            0.15338092850496518,
            0.024139748127545508,
            0.0,
            -0.15526891726519695,
            0.9758602310361865,
            0.1535850670257178,
            0.0,
            0.0,
            -0.15547057680781778,
            0.9878405234383961,
            0.0,
            0.7763445863259848,
            -4.879301155180933,
            -0.767925335128589,
            1.0
        ],
        [
            0.9893036400303711,
            0.14430530952005172,
            0.021313973514578245,
            0.0,
            -0.14587086008746938,
            0.978685995943888,
            0.14455245940717198,
            0.0,
            0.0,
            -0.14611536191531074,
            0.9892675578489157,
            0.0,
            0.729354300437347,
            -4.89342997971944,
            -0.7227622970358598,
            1.0
        ],
        [
            0.9908116611479573,
            0.13400164408500823,
            0.018325160728907917,
            0.0,
            -0.13524885261334207,
            0.9816748091164713,
            0.13424722348307322,
            0.0,
            0.0,
            -0.1354921714663047,
            0.9907784169385936,
            0.0,
            0.6762442630667104,
            -4.908374045582357,
            -0.671236117415366,
            1.0
        ],
        [
            0.99230140708939,
            0.122890076599936,
            0.015360552128053309,
            0.0,
            -0.12384634628610075,
            0.9846394309100838,
            0.12307426054480108,
            0.0,
            0.0,
            -0.1240291101730889,
            0.9922785797494934,
            0.0,
            0.6192317314305038,
            -4.923197154550419,
            -0.6153713027240054,
            1.0
        ],
        [
            0.9936948108037009,
            0.1114111593983459,
            0.012576825645342333,
            0.0,
            -0.11211878960190828,
            0.9874231728048909,
            0.11146683285231321,
            0.0,
            0.0,
            -0.11217411185045716,
            0.993688567223434,
            0.0,
            0.5605939480095414,
            -4.937115864024455,
            -0.557334164261566,
            1.0
        ],
        [
            0.9949365016660748,
            0.09999799716275894,
            0.010087527740213688,
            0.0,
            -0.10050551055774366,
            0.9899124626959461,
            0.09985969430543241,
            0.0,
            0.0,
            -0.10036790703548615,
            0.9949503923499483,
            0.0,
            0.5025275527887183,
            -4.94956231347973,
            -0.49929847152716206,
            1.0
        ],
        [
            0.995995316171227,
            0.08905047750268144,
            0.007958807795259829,
            0.0,
            -0.08940542581397094,
            0.9920411170573743,
            0.08866279886502297,
            0.0,
            0.0,
            -0.08901929298810123,
            0.9960299018984815,
            0.0,
            0.4470271290698547,
            -4.960205585286872,
            -0.44331399432511487,
            1.0
        ],
        [
            0.9968620335655484,
            0.07891443136508301,
            0.006212773767417142,
            0.0,
            -0.07915861314828289,
            0.9937869980226149,
            0.07823884281889407,
            0.0,
            0.0,
            -0.07848512651149081,
            0.9969152847240709,
            0.0,
            0.39579306574141443,
            -4.968934990113075,
            -0.3911942140944703,
            1.0
        ],
        [
            0.9975446208895803,
            0.06986658905439863,
            0.004836224577840106,
            0.0,
            -0.07003377281186213,
            0.9951632946913497,
            0.06888604767871714,
            0.0,
            0.0,
            -0.06905560536959904,
            0.9976128123510836,
            0.0,
            0.35016886405931064,
            -4.9758164734567485,
            -0.34443023839358566,
            1.0
        ],
        [
            0.9980624559580981,
            0.06210439043566885,
            0.0037919250392948974,
            0.0,
            -0.06222004505695595,
            0.9962072574403368,
            0.060825703582555866,
            0.0,
            0.0,
            -0.060943784849782516,
            0.9981411999753258,
            0.0,
            0.31110022528477976,
            -4.981036287201684,
            -0.3041285179127793,
            1.0
        ],
        [
            0.9984407902227979,
            0.05573875299514805,
            0.0030298240577345584,
            0.0,
            -0.055821039217081515,
            0.996968980998104,
            0.05419282709295819,
            0.0,
            0.0,
            -0.05427745703464828,
            0.9985258923322179,
            0.0,
            0.27910519608540757,
            -4.98484490499052,
            -0.2709641354647909,
            1.0
        ],
        [
            0.9987063250654897,
            0.05078823437949354,
            0.0024963018243097535,
            0.0,
            -0.0508495454668419,
            0.9975021496855666,
            0.049028411135677914,
            0.0,
            0.0,
            -0.04909192012222702,
            0.9987942647906589,
            0.0,
            0.25424772733420953,
            -4.987510748427833,
            -0.24514205567838956,
            1.0
        ],
        [
            0.9988843905758698,
            0.047174076132781906,
            0.0021402814982504625,
            0.0,
            -0.0472226033152902,
            0.9978579108453365,
            0.04527267939394808,
            0.0,
            0.0,
            -0.0453232424303355,
            0.9989723738400382,
            0.0,
            0.236113016576451,
            -4.989289554226683,
            -0.2263633969697404,
            1.0
        ],
        [
            0.9989978405696931,
            0.04471738138465033,
            0.0019158129318451813,
            0.0,
            -0.04475840186032224,
            0.9980822724324915,
            0.042760529918416744,
            0.0,
            0.0,
            -0.04280342577520681,
            0.9990835133971065,
            0.0,
            0.2237920093016112,
            -4.990411362162457,
            -0.2138026495920837,
            1.0
        ],
        [
            0.9990673907868772,
            0.04314133432333356,
            0.0017815552484917588,
            0.0,
            -0.04317810401466311,
            0.9982166030921655,
            0.0412221378004204,
            0.0,
            0.0,
            -0.04126061783275036,
            0.999148418112174,
            0.0,
            0.21589052007331555,
            -4.991083015460827,
            -0.206110689002102,
            1.0
        ],
        [
            0.9991127059745193,
            0.04208225120254694,
            0.0016984975712552761,
            0.0,
            -0.04211651410401653,
            0.9982999012842433,
            0.0402927578554316,
            0.0,
            0.0,
            -0.04032854112903174,
            0.9991864734724966,
            0.0,
            0.21058257052008267,
            -4.991499506421216,
            -0.20146378927715797,
            1.0
        ],
        [
            0.9991532080156779,
            0.04111224224224423,
            0.0016280202070308245,
            0.0,
            -0.04114446392869242,
            0.9983707357628329,
            0.03953488409493761,
            0.0,
            0.0,
            -0.03956839029066828,
            0.9992168645943709,
            0.0,
            0.2057223196434621,
            -4.991853678814164,
            -0.19767442047468806,
            1.0
        ],
        [
            0.9992075633800789,
            0.03977306436837797,
            0.0015325256260279162,
            0.0,
            -0.039802578861746755,
            0.9984666288515436,
            0.03847266283724616,
            0.0,
            0.0,
            -0.03850317416243568,
            0.9992584778621681,
            0.0,
            0.19901289430873378,
            -4.992333144257718,
            -0.19236331418623082,
            1.0
        ],
        [
            0.9992912968646573,
            0.0376164826230979,
            0.00137994406318115,
            0.0,
            -0.03764178543256596,
            0.9986195732203855,
            0.03663391830781643,
            0.0,
            0.0,
            -0.036659899293387,
            0.9993277999654562,
            0.0,
            0.1882089271628298,
            -4.993097866101928,
            -0.18316959153908216,
            1.0
        ],
        [
            0.9994128515289493,
            0.03424362613248585,
            0.0011516371272512619,
            0.0,
            -0.03426298584149273,
            0.9988481505401666,
            0.033591962784485896,
            0.0,
            0.0,
            -0.03361169784148294,
            0.9994349672531039,
            0.0,
            0.17131492920746366,
            -4.994240752700833,
            -0.16795981392242948,
            1.0
        ],
        [
            0.9995692312198067,
            0.029336444693738466,
            0.0008514759984574007,
            0.0,
            -0.029348798930190056,
            0.9991484673356833,
            0.02899979693222389,
            0.0,
            0.0,
            -0.02901229452294615,
            0.9995790547858202,
            0.0,
            0.14674399465095028,
            -4.995742336678417,
            -0.14499898466111943,
            1.0
        ],
        [
            0.9997426917958382,
            0.022677895709292236,
            0.0005130760276080552,
            0.0,
            -0.022683699010779552,
            0.9994869218595736,
            0.02261289081172502,
            0.0,
            0.0,
            -0.022618710791579257,
            0.9997441642350942,
            0.0,
            0.11341849505389776,
            -4.997434609297868,
            -0.1130644540586251,
            1.0
        ],
        [
            0.9998996986584961,
            0.014161623810771224,
            0.00020256774358250832,
            0.0,
            -0.014163072500292534,
            0.9997974225305036,
            0.014301093619474025,
            0.0,
            0.0,
            -0.0143025281822376,
            0.9998977136125456,
            0.0,
            0.07081536250146267,
            -4.998987112652518,
            -0.07150546809737013,
            1.0
        ],
        [
            0.9999928015293741,
            0.003794292155129333,
            1.537775340034148e-05,
            0.0,
            -0.0037943233169796743,
            0.9999845888328217,
            0.0040528024154452185,
            0.0,
            0.0,
            -0.004052831589634368,
            0.9999917872443284,
            0.0,
            0.018971616584898373,
            -4.999922944164108,
            -0.02026401207722609,
            1.0
        ],
        [
            0.9999654998579874,
            -0.008306301785335915,
            6.666645494771775e-05,
            0.0,
            0.00830656931381963,
            0.9999332941128913,
            -0.008025473866165844,
            0.0,
            0.0,
            0.008025750755706672,
            0.9999677931437628,
            0.0,
            -0.04153284656909815,
            -4.999666470564457,
            0.04012736933082922,
            1.0
        ],
        [
            0.9997597062624073,
            -0.021915818094954347,
            0.00047607912582720274,
            0.0,
            0.02192098843814249,
            0.999523900253858,
            -0.021712740205021498,
            0.0,
            0.0,
            0.02171795889453715,
            0.9997641373151246,
            0.0,
            -0.10960494219071246,
            -4.99761950126929,
            0.10856370102510748,
            1.0
        ],
        [
            0.999325006245889,
            -0.03671121953227861,
            0.001348425788355514,
            0.0,
            0.03673597544170914,
            0.9986515737577403,
            -0.036681089672129824,
            0.0,
            0.0,
            0.03670586590235315,
            0.9993261126420937,
            0.0,
            -0.1836798772085457,
            -4.993257868788702,
            0.18340544836064912,
            1.0
        ],
        [
            0.9986284691962983,
            -0.05228385633353828,
            0.002752976126278676,
            0.0,
            0.05235628434732483,
            0.9972469984247139,
            -0.05250946221626022,
            0.0,
            0.0,
            0.052581579472213646,
            0.9986166318964487,
            0.0,
            -0.26178142173662416,
            -4.986234992123569,
            0.2625473110813011,
            1.0
        ],
        [
            0.9976633176104095,
            -0.06815986052475548,
            0.004705115071601529,
            0.0,
            0.06832206594205954,
            0.9952947359153069,
            -0.06870577824818068,
            0.0,
            0.0,
            0.06886669784827198,
            0.9976258707188155,
            0.0,
            -0.3416103297102977,
            -4.976473679576534,
            0.3435288912409034,
            1.0
        ],
        [
            0.9964545148924322,
            -0.0838284612080424,
            0.007154637795123838,
            0.0,
            0.08413322619802288,
            0.9928449486845178,
            -0.08473787890400333,
            0.0,
            0.0,
            0.08503938477628438,
            0.9963775905934813,
            0.0,
            -0.4206661309901144,
            -4.96422474342259,
            0.42368939452001664,
            1.0
        ],
        [
            0.9950595950765239,
            -0.0987760924503325,
            0.009984277960261327,
            0.0,
            0.09927941501713432,
            0.9900148841520261,
            -0.10007060962793199,
            0.0,
            0.0,
            0.1005674535706941,
            0.9949302424201941,
            0.0,
            -0.4963970750856716,
            -4.950074420760131,
            0.50035304813966,
            1.0
        ],
        [
            0.9935639606338065,
            -0.11252171999653582,
            0.01301993312905067,
            0.0,
            0.11327248619882836,
            0.9869786523520545,
            -0.11420369377414354,
            0.0,
            0.0,
            0.1149434745009185,
            0.9933720338673002,
            0.0,
            -0.5663624309941419,
            -4.934893261760273,
            0.5710184688707177,
            1.0
        ],
        [
            0.9920712050005004,
            -0.12464785353636335,
            0.016051069049518658,
            0.0,
            0.12567706317723654,
            0.983946816804229,
            -0.1267041336814627,
            0.0,
            0.0,
            0.12771677379891172,
            0.9918106803671746,
            0.0,
            -0.6283853158861827,
            -4.919734084021146,
            0.6335206684073135,
            1.0
        ],
        [
            0.990690229960875,
            -0.13482311609341024,
            0.018857243354518678,
            0.0,
            0.13613547759518352,
            0.9811398633631999,
            -0.13722864227111103,
            0.0,
            0.0,
            0.13851821499898162,
            0.9903598861593172,
            0.0,
            -0.6806773879759176,
            -4.9056993168159995,
            0.6861432113555551,
            1.0
        ],
        [
            0.9895215390568274,
            -0.14281516448227646,
            0.021235643067919294,
            0.0,
            0.1443853307736203,
            0.9787606580389229,
            -0.1455350491552021,
            0.0,
            0.0,
            0.14707618117531865,
            0.9891251674742104,
            0.0,
            -0.7219266538681015,
            -4.893803290194614,
            0.7276752457760104,
            1.0
        ],
        [
            0.9886449964598858,
            -0.1484955114637892,
            0.023025074374254766,
            0.0,
            0.15026999359430449,
            0.9769704576003332,
            -0.15148483092825854,
            0.0,
            0.0,
            0.15322469791552223,
            0.9881913741521411,
            0.0,
            -0.7513499679715224,
            -4.8848522880016665,
            0.7574241546412928,
            1.0
        ],
        [
            0.9881107889477789,
            -0.15183917817693218,
            0.024123282022805805,
            0.0,
            0.153743516172221,
            0.9758715936581368,
            -0.15504052349669942,
            0.0,
            0.0,
            0.1569060121910006,
            0.9876135394668897,
            0.0,
            -0.7687175808611051,
            -4.879357968290684,
            0.7752026174834971,
            1.0
        ],
        [
            0.9879346697219544,
            -0.1529216722567132,
            0.02449592855115543,
            0.0,
            0.15487119926368786,
            0.9754984948301316,
            -0.15626131390326567,
            0.0,
            0.0,
            0.15816968337313644,
            0.9874119460800754,
            0.0,
            -0.7743559963184393,
            -4.877492474150658,
            0.7813065695163283,
            1.0
        ],
        [
            0.9880979605488249,
            -0.15191415309252956,
            0.024176650914309414,
            0.0,
            0.1538259417629318,
            0.9758176230155363,
            -0.15529824935605654,
            0.0,
            0.0,
            0.15716887956108963,
            0.98757174083583,
            0.0,
            -0.7691297088146589,
            -4.879088115077682,
            0.7764912467802828,
            1.0
        ],
        [
            0.9885522053146566,
            -0.1490757547745425,
            0.023258476001869918,
            0.0,
            0.1508792144979854,
            0.9767360377084191,
            -0.1523882386345107,
            0.0,
            0.0,
            0.15415294995574408,
            0.9880469968680345,
            0.0,
            -0.7543960724899269,
            -4.883680188542096,
            0.7619411931725536,
            1.0
        ],
        [
            0.9892276847404667,
            -0.14474095863666198,
            0.021877902914946866,
            0.0,
            0.14638506666670523,
            0.978117281083474,
            -0.14784450176742,
            0.0,
            0.0,
            0.14945447246172494,
            0.9887686082502759,
            0.0,
            -0.7319253333335262,
            -4.890586405417371,
            0.7392225088371001,
            1.0
        ],
        [
            0.9900442439252148,
            -0.13930034717803483,
            0.020194265191598865,
            0.0,
            0.14075650986916968,
            0.9798019788113903,
            -0.14204114631589734,
            0.0,
            0.0,
            0.14346949359833533,
            0.9896547400010961,
            0.0,
            -0.7037825493458484,
            -4.8990098940569515,
            0.7102057315794869,
            1.0
        ],
        [
            0.9909223025277653,
            -0.13317507378145457,
            0.018368181085130785,
            0.0,
            0.13443582243238603,
            0.9816293630903017,
            -0.13539129649226558,
            0.0,
            0.0,
            0.13663159679310172,
            0.990621929273609,
            0.0,
            -0.6721791121619302,
            -4.908146815451508,
            0.676956482461328,
            1.0
        ],
        [
            0.9917918797253563,
            -0.12678796739465967,
            0.016543235317650284,
            0.0,
            0.12786268928363909,
            0.9834555898473264,
            -0.12832083029346017,
            0.0,
            0.0,
            0.12938282004183613,
            0.9915947185609764,
            0.0,
            -0.6393134464181954,
            -4.917277949236632,
            0.6416041514673008,
            1.0
        ],
        [
            0.9925981438919057,
            -0.1205357897855892,
            0.014834019115126983,
            0.0,
            0.121445151168516,
            0.9851657317113022,
            -0.12124172680802153,
            0.0,
            0.0,
            0.12214583268576493,
            0.992512163934277,
            0.0,
            -0.60722575584258,
            -4.925828658556512,
            0.6062086340401077,
            1.0
        ],
        [
            0.9933031342206455,
            -0.11476679944923361,
            0.013321609948565403,
            0.0,
            0.11553736861917155,
            0.9866783618134077,
            -0.11452915254103552,
            0.0,
            0.0,
            0.1153013099378732,
            0.9933305632701586,
            0.0,
            -0.5776868430958577,
            -4.933391809067039,
            0.5726457627051775,
            1.0
        ],
        [
            0.9938843785101148,
            -0.10976569813611806,
            0.012055441354567056,
            0.0,
            0.1104257313924739,
            0.9879437636324311,
            -0.10850473605435075,
            0.0,
            0.0,
            0.1091723930876196,
            0.9940228310192489,
            0.0,
            -0.5521286569623695,
            -4.939718818162156,
            0.5425236802717538,
            1.0
        ],
        [
            0.9943317205627191,
            -0.1057455612774735,
            0.011059193139408808,
            0.0,
            0.10632229062046515,
            0.9889381170523984,
            -0.10342616283162684,
            0.0,
            0.0,
            0.10401575318656754,
            0.9945756497567347,
            0.0,
            -0.5316114531023257,
            -4.944690585261992,
            0.5171308141581342,
            1.0
        ],
        [
            0.9946437121181074,
            -0.10284459413249596,
            0.010338055989089477,
            0.0,
            0.10336288475033661,
            0.989656288389269,
            -0.09948137970326243,
            0.0,
            0.0,
            0.10001710008442669,
            0.9949857183350431,
            0.0,
            -0.5168144237516831,
            -4.948281441946344,
            0.49740689851631215,
            1.0
        ],
        [
            0.9948246105360017,
            -0.10112505696223541,
            0.009885197331220095,
            0.0,
            0.10160705817950108,
            0.9901053845113972,
            -0.09678498483569463,
            0.0,
            0.0,
            0.09728849066525187,
            0.9952562230823162,
            0.0,
            -0.5080352908975054,
            -4.950526922556986,
            0.48392492417847316,
            1.0
        ],
        [
            0.9948826069994786,
            -0.10057226108972186,
            0.009685999650103094,
            0.0,
            0.10103760829473835,
            0.9903004929896517,
            -0.09537470993157339,
            0.0,
            0.0,
            0.0958652902971329,
            0.9953943168997131,
            0.0,
            -0.5051880414736918,
            -4.951502464948258,
            0.47687354965786694,
            1.0
        ],
        [
            0.9948295319690318,
            -0.1010927117240633,
            0.009719359986780753,
            0.0,
            0.10155886136756949,
            0.9902633185886119,
            -0.09520691957831698,
            0.0,
            0.0,
            0.09570174237778929,
            0.9954100544528648,
            0.0,
            -0.5077943068378474,
            -4.95131659294306,
            0.47603459789158487,
            1.0
        ],
        [
            0.9946819480003939,
            -0.10251195244278584,
            0.009955999623834989,
            0.0,
            0.10299428295853022,
            0.9900237723890949,
            -0.09615148351598075,
            0.0,
            0.0,
            0.09666555596919577,
            0.9953169195232071,
            0.0,
            -0.5149714147926511,
            -4.950118861945475,
            0.48075741757990376,
            1.0
        ],
        [
            0.9944631828253052,
            -0.1045741996969587,
            0.010354456176170129,
            0.0,
            0.10508557467589748,
            0.9896238545850484,
            -0.09798800146582863,
            0.0,
            0.0,
            0.09853356379412784,
            0.9951337281019212,
            0.0,
            -0.5254278733794874,
            -4.948119272925242,
            0.4899400073291431,
            1.0
        ],
        [
            0.9942054517862093,
            -0.10694699897767075,
            0.01085629072240966,
            0.0,
            0.10749660291646145,
            0.9891223215528426,
            -0.10040673965095959,
            0.0,
            0.0,
            0.10099194232999512,
            0.994887243653478,
            0.0,
            -0.5374830145823072,
            -4.945611607764214,
            0.5020336982547979,
            1.0
        ],
        [
            0.9939508590752132,
            -0.10923424151561349,
            0.011382891730765161,
            0.0,
            0.10982572441666708,
            0.9885977877364797,
            -0.10301807772858325,
            0.0,
            0.0,
            0.10364504118889017,
            0.9946143501060867,
            0.0,
            -0.5491286220833353,
            -4.942988938682398,
            0.5150903886429162,
            1.0
        ],
        [
            0.9937499915975857,
            -0.11099931789736754,
            0.011836622242749688,
            0.0,
            0.11162864417253493,
            0.9881475498112902,
            -0.10537298326490267,
            0.0,
            0.0,
            0.10603570732665019,
            0.9943623226831038,
            0.0,
            -0.5581432208626746,
            -4.940737749056451,
            0.5268649163245135,
            1.0
        ],
        [
            0.9936572929270046,
            -0.11179701281890564,
            0.01210834991840252,
            0.0,
            0.11245080796942737,
            0.987880115055834,
            -0.10699389732267509,
            0.0,
            0.0,
            0.10767686010486012,
            0.9941859452828522,
            0.0,
            -0.5622540398471368,
            -4.93940057527917,
            0.5349694866133754,
            1.0
        ],
        [
            0.9937234520131943,
            -0.11120925180376168,
            0.012091452858452758,
            0.0,
            0.11186465446681833,
            0.9879013359936568,
            -0.10741158886715711,
            0.0,
            0.0,
            0.108090021071306,
            0.9941411103786044,
            0.0,
            -0.5593232723340916,
            -4.939506679968284,
            0.5370579443357856,
            1.0
        ],
        [
            0.9939862434202197,
            -0.10887818551801373,
            0.01169994058381757,
            0.0,
            0.10950501308780286,
            0.9882964766798847,
            -0.10620134787641015,
            0.0,
            0.0,
            0.1068438809685943,
            0.9942758093706036,
            0.0,
            -0.5475250654390142,
            -4.941482383399424,
            0.5310067393820508,
            1.0
        ],
        [
            0.9944619909416341,
            -0.10453147957514333,
            0.01088661335001167,
            0.0,
            0.10509685329447908,
            0.9891122334852304,
            -0.10301281957823473,
            0.0,
            0.0,
            0.10358648245640255,
            0.9946204505500122,
            0.0,
            -0.5254842664723954,
            -4.945561167426152,
            0.5150640978911736,
            1.0
        ],
        [
            0.9951397436215353,
            -0.09799812704010841,
            0.009657005824562782,
            0.0,
            0.09847279149523926,
            0.9903429113492623,
            -0.09759112293340123,
            0.0,
            0.0,
            0.09806775737671312,
            0.9951797400284544,
            0.0,
            -0.49236395747619627,
            -4.951714556746312,
            0.48795561466700615,
            1.0
        ],
        [
            0.9959795202740407,
            -0.08921644052763499,
            0.008076009798833635,
            0.0,
            0.08958122121679235,
            0.9919238254436148,
            -0.08979047456503063,
            0.0,
            0.0,
            0.09015293260279594,
            0.9959279335088035,
            0.0,
            -0.44790610608396175,
            -4.959619127218074,
            0.4489523728251531,
            1.0
        ],
        [
            0.9969150819195892,
            -0.07823721202465585,
            0.006265628130340304,
            0.0,
            0.07848770248426606,
            0.9937334660847716,
            -0.07958315740084307,
            0.0,
            0.0,
            0.07982942463625223,
            0.9968085387687271,
            0.0,
            -0.3924385124213303,
            -4.968667330423858,
            0.3979157870042153,
            1.0
        ],
        [
            0.9978609640101365,
            -0.06522417128551548,
            0.004393630034354606,
            0.0,
            0.06537198562657437,
            0.99560467395791,
            -0.06706591301401042,
            0.0,
            0.0,
            0.06720967693183472,
            0.9977388733164196,
            0.0,
            -0.32685992813287185,
            -4.9780233697895495,
            0.3353295650700521,
            1.0
        ],
        [
            0.9987229740228356,
            -0.050451737767068,
            0.0026539245025935716,
            0.0,
            0.05052149205023999,
            0.9973440518589557,
            -0.05246352125599457,
            0.0,
            0.0,
            0.05253060420215687,
            0.9986193146650811,
            0.0,
            -0.25260746025119996,
            -4.986720259294779,
            0.26231760627997286,
            1.0
        ],
        [
            0.9994108840100668,
            -0.03429789786347823,
            0.001240614510267088,
            0.0,
            0.034320328119303724,
            0.998757713046048,
            -0.03612680042311031,
            0.0,
            0.0,
            0.03614809584437787,
            0.9993464440157005,
            0.0,
            -0.1716016405965186,
            -4.99378856523024,
            0.18063400211555156,
            1.0
        ],
        [
            0.9998515180189809,
            -0.01722904601044654,
            0.0003192001087041197,
            0.0,
            0.01723200264448333,
            0.9996799654089388,
            -0.018520929913030837,
            0.0,
            0.0,
            0.018523680345784343,
            0.9998284219137038,
            0.0,
            -0.08616001322241665,
            -4.998399827044694,
            0.09260464956515418,
            1.0
        ],
        [
            0.9999999745912227,
            0.0002254274871076429,
            -4.5284348355005546e-08,
            0.0,
            -0.0002254274916560505,
            0.9999999544144136,
            -0.00020088209681842585,
            0.0,
            0.0,
            0.00020088210192259443,
            0.9999999798231903,
            0.0,
            0.0011271374582802526,
            -4.9999997720720675,
            0.001004410484092129,
            1.0
        ],
        [
            0.9998466699660444,
            0.017508131441214037,
            0.0003192040867714402,
            0.0,
            -0.017511041025931016,
            0.9996805382902665,
            0.01822593772268363,
            0.0,
            0.0,
            -0.01822873273489284,
            0.9998338428473402,
            0.0,
            0.08755520512965508,
            -4.998402691451332,
            -0.09112968861341815,
            1.0
        ],
        [
            0.9994185534497869,
            0.03407395481119732,
            0.0012331357832042538,
            0.0,
            -0.034096261090262314,
            0.9987647190279726,
            0.036145276380733046,
            0.0,
            0.0,
            -0.03616630515409885,
            0.9993457851872397,
            0.0,
            0.17048130545131157,
            -4.9938235951398635,
            -0.18072638190366522,
            1.0
        ],
        [
            0.9987741894448348,
            0.04942897830564606,
            0.0026257575046442013,
            0.0,
            -0.04949867168736172,
            0.9973679304794958,
            0.05298200404131866,
            0.0,
            0.0,
            -0.05304702965018402,
            0.9985920151119237,
            0.0,
            0.24749335843680859,
            -4.986839652397479,
            -0.2649100202065933,
            1.0
        ],
        [
            0.9979939099494055,
            0.06316182837082873,
            0.004328872919350664,
            0.0,
            -0.06330999687172566,
            0.9956582399312712,
            0.06823865145989716,
            0.0,
            0.0,
            -0.06837581951111966,
            0.9976596349989223,
            0.0,
            0.3165499843586283,
            -4.978291199656357,
            -0.3411932572994858,
            1.0
        ],
        [
            0.9971672638089033,
            0.07496422961827519,
            0.006149167878962434,
            0.0,
            -0.0752160088536021,
            0.9938293306348166,
            0.08152185953526457,
            0.0,
            0.0,
            -0.08175344547901985,
            0.9966525844808255,
            0.0,
            0.37608004426801056,
            -4.969146653174082,
            -0.40760929767632287,
            1.0
        ],
        [
            0.9963802058289504,
            0.08464116976479279,
            0.007896696341253596,
            0.0,
            -0.0850087373877441,
            0.9920719768742984,
            0.09255650851486875,
            0.0,
            0.0,
            -0.09289276119035832,
            0.9956761194878739,
            0.0,
            0.4250436869387205,
            -4.960359884371492,
            -0.46278254257434376,
            1.0
        ],
        [
            0.9957040460101754,
            0.09211354614781891,
            0.00940996147921071,
            0.0,
            -0.09259294119405968,
            0.99054884107745,
            0.10119061557849189,
            0.0,
            0.0,
            -0.10162720135964758,
            0.9948225529931485,
            0.0,
            0.46296470597029843,
            -4.95274420538725,
            -0.5059530778924595,
            1.0
        ],
        [
            0.9951875261116967,
            0.09741647846574861,
            0.010574383907037577,
            0.0,
            -0.09798871298104225,
            0.9893758296998765,
            0.1073949707109229,
            0.0,
            0.0,
            -0.10791430548825953,
            0.9941601997017314,
            0.0,
            0.4899435649052113,
            -4.946879148499383,
            -0.5369748535546145,
            1.0
        ],
        [
            0.9948527966363048,
            0.10069503273710141,
            0.011332405172661401,
            0.0,
            -0.10133071116361163,
            0.9886117819122103,
            0.11126019791210642,
            0.0,
            0.0,
            -0.1118358397225078,
            0.9937266953008567,
            0.0,
            0.5066535558180582,
            -4.943058909561052,
            -0.5563009895605321,
            1.0
        ],
        [
            0.9946955733034566,
            0.10219680721164058,
            0.011684564444363102,
            0.0,
            -0.10286260958437574,
            0.9882571728435562,
            0.11299134423819193,
            0.0,
            0.0,
            -0.11359389472594056,
            0.9935272653938552,
            0.0,
            0.5143130479218787,
            -4.941285864217781,
            -0.5649567211909596,
            1.0
        ],
        [
            0.9946892143403541,
            0.10225898171255263,
            0.011681931949850387,
            0.0,
            -0.1029240830659623,
            0.9882614753411562,
            0.11289769475747644,
            0.0,
            0.0,
            -0.11350047143352868,
            0.9935379423979573,
            0.0,
            0.5146204153298115,
            -4.941307376705781,
            -0.5644884737873822,
            1.0
        ],
        [
            0.9947917766144421,
            0.10128719494957338,
            0.01141163088822158,
            0.0,
            -0.10192801960345299,
            0.9885374895360572,
            0.11137464074674923,
            0.0,
            0.0,
            -0.11195774167513592,
            0.9937129686579538,
            0.0,
            0.509640098017265,
            -4.942687447680286,
            -0.5568732037337462,
            1.0
        ],
        [
            0.9949544040579165,
            0.09972563113379385,
            0.0109787221807808,
            0.0,
            -0.1003281308794113,
            0.9889794120981203,
            0.108876023991969,
            0.0,
            0.0,
            -0.10942815424296701,
            0.9939947077620571,
            0.0,
