{
    "newtonian_frame": "I",
    "constant_map": {
        "Ixx2": 83.95833333333333,
        "g": 9.8,
        "Ixx0": 83.95833333333333,
        "Iyy1": 2.5,
        "Iyy0": 2.5,
        "Iyy2": 2.5,
        "Ixx1": 83.95833333333333,
        "l1": 10.0,
        "l2": 10.0,
        "M0": 10.0,
        "l0": 10.0,
        "M2": 10.0,
        "M1": 10.0,
        "Izz2": 83.95833333333333,
        "Izz1": 83.95833333333333,
        "Izz0": 83.95833333333333
    },
    "fps": 30,
    "name": "unnamed",
    "simulationData": "2019-03-30_23-46-33_simulation_data.json",
    "workspaceSize": 0.2,
    "lights": {
        "4799776336": {
            "color": "white",
            "init_orientation": [
                1.0,
                0.0,
                0.0,
                0.0,
                0.0,
                1.0,
                0.0,
                0.0,
                0.0,
                0.0,
                1.0,
                0.0,
                0.0,
                0.0,
                10.0,
                1.0
            ],
            "simulation_id": 4799776336,
            "type": "PointLight",
            "name": "DefaultLight"
        }
    },
    "cameras": {
        "4799776144": {
            "simulation_id": 4799776144,
            "name": "DefaultCamera",
            "color": "grey",
            "material": "default",
            "reference_frame_name": "I",
            "far": 1000.0,
            "near": 1.0,
            "fov": 45.0,
            "init_orientation": [
                1.0,
                0.0,
                0.0,
                0.0,
                0.0,
                1.0,
                0.0,
                0.0,
                0.0,
                0.0,
                1.0,
                0.0,
                0.0,
                0.0,
                10.0,
                1.0
            ],
            "type": "PerspectiveCamera"
        }
    },
    "speedup": 1.0,
    "timeDelta": 0.03333333333333333,
    "source": "PyDy",
    "objects": {
        "4799775824": {
            "simulation_id": 4799775824,
            "name": "link_frame0",
            "color": "red",
            "material": "default",
            "reference_frame_name": "A",
            "length": 10.0,
            "radius": 0.5,
            "init_orientation": [
                0.984807753012208,
                0.17101007166283433,
                0.030153689607045803,
                0.0,
                -0.17364817766693033,
                0.9698463103929541,
                0.17101007166283433,
                0.0,
                0.0,
                -0.17364817766693033,
                0.984807753012208,
                0.0,
                0.8682408883346516,
                -4.84923155196477,
                -0.8550503583141716,
                1.0
            ],
            "type": "Cylinder"
        },
        "4799775632": {
            "simulation_id": 4799775632,
            "name": "link_frame1",
            "color": "red",
            "material": "default",
            "reference_frame_name": "B",
            "length": 10.0,
            "radius": 0.5,
            "init_orientation": [
                0.9401507230860118,
                0.3290293982087693,
                0.08863561922401245,
                0.0,
                -0.33942211607956685,
                0.8812106911689417,
                0.3290293982087693,
                0.0,
                0.030153689607045803,
                -0.33942211607956685,
                0.9401507230860118,
                0.0,
                3.4335923570671376,
                -14.10451655977425,
                -3.3552477076721896,
                1.0
            ],
            "type": "Cylinder"
        },
        "4799775568": {
            "simulation_id": 4799775568,
            "name": "link_frame2",
            "color": "red",
            "material": "default",
            "reference_frame_name": "C",
            "length": 10.0,
            "radius": 0.5,
            "init_orientation": [
                0.8687323656973382,
                0.4644917766377637,
                0.17190539905948155,
                0.0,
                -0.48728616212106995,
                0.7394589817165058,
                0.46449177663776364,
                0.0,
                0.08863561922401242,
                -0.4872861621210699,
                0.8687323656973382,
                0.0,
                7.567133748070321,
                -22.207864924201488,
                -7.322853581904854,
                1.0
            ],
            "type": "Cylinder"
        }
    },
    "startTime": 0.0,
    "timeSteps": 600
}