{
    "4707234384": [
        [
            0.984807753012208,
            0.17101007166283433,
            0.030153689607045803,
            0.0,
            -0.17364817766693033,
            0.9698463103929541,
            0.17101007166283433,
            0.0,
            0.0,
            -0.17364817766693033,
            0.984807753012208,
            0.0,
            0.8682408883346516,
            -4.84923155196477,
            -0.8550503583141716,
            1.0
        ],
        [
            0.9849969937189674,
            0.16998192057537834,
            0.029783704304571678,
            0.0,
            -0.17257149928246085,
            0.9702162955615042,
            0.16999828664523514,
            0.0,
            0.0,
            -0.17258761978895734,
            0.9849941692698401,
            0.0,
            0.8628574964123042,
            -4.851081477807521,
            -0.8499914332261758,
            1.0
        ],
        [
            0.9855521985923892,
            0.16692313326468347,
            0.02869723733756584,
            0.0,
            -0.16937196890190495,
            0.9713027607314357,
            0.16698527823069734,
            0.0,
            0.0,
            -0.16943321568273437,
            0.9855416710740383,
            0.0,
            0.8468598445095248,
            -4.856513803657179,
            -0.8349263911534867,
            1.0
        ],
        [
            0.9864370345070524,
            0.16191043974765984,
            0.026962686321131232,
            0.0,
            -0.16414011378371926,
            0.9730373054990299,
            0.1620383447035155,
            0.0,
            0.0,
            -0.16426628262643259,
            0.9864160321041487,
            0.0,
            0.8207005689185963,
            -4.865186527495149,
            -0.8101917235175776,
            1.0
        ],
        [
            0.9875949007787236,
            0.15507047062568524,
            0.024687265863022854,
            0.0,
            -0.1570232847569528,
            0.97531271421516,
            0.15527007932758496,
            0.0,
            0.0,
            -0.15722041416491087,
            0.9875635378900002,
            0.0,
            0.785116423784764,
            -4.8765635710758,
            -0.7763503966379248,
            1.0
        ],
        [
            0.9889544149052042,
            0.14657707722017405,
            0.022007400416597333,
            0.0,
            -0.1482199893385009,
            0.9779925655624007,
            0.1468379258405949,
            0.0,
            0.0,
            -0.14847795169069547,
            0.9889157182802463,
            0.0,
            0.7410999466925045,
            -4.8899628278120035,
            -0.7341896292029745,
            1.0
        ],
        [
            0.9904362007436434,
            0.1366463292098081,
            0.0190765030857915,
            0.0,
            -0.13797149073811396,
            0.980923453273529,
            0.1369417633939236,
            0.0,
            0.0,
            -0.1382640934278295,
            0.9903953960255371,
            0.0,
            0.6898574536905698,
            -4.904617266367644,
            -0.684708816969618,
            1.0
        ],
        [
            0.9919601266398039,
            0.12552870840034988,
            0.01605149600766635,
            0.0,
            -0.1265508085977494,
            0.9839484619773229,
            0.12581858771944812,
            0.0,
            0.0,
            -0.12683835200679874,
            0.9919234005003609,
            0.0,
            0.6327540429887469,
            -4.919742309886614,
            -0.6290929385972406,
            1.0
        ],
        [
            0.9934520522346585,
            0.11349863669312427,
            0.013079731631329937,
            0.0,
            -0.11424981361361351,
            0.9869202406749902,
            0.11373398188436942,
            0.0,
            0.0,
            -0.1144836146128418,
            0.9934251365780807,
            0.0,
            0.5712490680680675,
            -4.934601203374951,
            -0.5686699094218471,
            1.0
        ],
        [
            0.9948492440651415,
            0.10084215093368655,
            0.010287962776183233,
            0.0,
            -0.10136558381924582,
            0.9897120289384961,
            0.10097087793729984,
            0.0,
            0.0,
            -0.10149364694163489,
            0.9948361873346219,
            0.0,
            0.506827919096229,
            -4.948560144692481,
            -0.5048543896864992,
            1.0
        ],
        [
            0.9961039109723564,
            0.08784391860223308,
            0.007774606754045799,
            0.0,
            -0.08818729242683328,
            0.9922253928752783,
            0.08781669082767651,
            0.0,
            0.0,
            -0.08816017070142151,
            0.9961063117468417,
            0.0,
            0.4409364621341664,
            -4.961126964376392,
            -0.43908345413838257,
            1.0
        ],
        [
            0.9971846899546091,
            0.07477478220700823,
            0.00560589564874337,
            0.0,
            -0.0749846258917794,
            0.9943940791160689,
            0.0745501260815505,
            0.0,
            0.0,
            -0.07476060035071733,
            0.997201510545988,
            0.0,
            0.374923129458897,
            -4.971970395580344,
            -0.37275063040775247,
            1.0
        ],
        [
            0.9980762651521453,
            0.061880599231998824,
            0.0038158064197963896,
            0.0,
            -0.061998136584453994,
            0.9961840914802073,
            0.061428714310244784,
            0.0,
            0.0,
            -0.06154711463946162,
            0.9981041792716615,
            0.0,
            0.30999068292226994,
            -4.9809204574010355,
            -0.3071435715512239,
            1.0
        ],
        [
            0.9987775223099046,
            0.04937263337887495,
            0.0024091495850849143,
            0.0,
            -0.049431375951799195,
            0.9975906089313129,
            0.0486776750016295,
            0.0,
            0.0,
            -0.04873725520879874,
            0.9988116338703271,
            0.0,
            0.24715687975899597,
            -4.987953044656565,
            -0.2433883750081475,
            1.0
        ],
        [
            0.9992987162928157,
            0.03741934125361733,
            0.0013669366027124633,
            0.0,
            -0.037444300174132014,
            0.9986326224650666,
            0.03648026498003288,
            0.0,
            0.0,
            -0.036505865949039595,
            0.9993334387236879,
            0.0,
            0.18722150087066008,
            -4.993163112325332,
            -0.18240132490016442,
            1.0
        ],
        [
            0.9996580950029201,
            0.026139367502730423,
            0.0006531169037833798,
            0.0,
            -0.026147525602488793,
            0.9993461989333923,
            0.024969613177782096,
            0.0,
            0.0,
            -0.02497815333322455,
            0.9996879972551745,
            0.0,
            0.13073762801244396,
            -4.996730994666962,
            -0.12484806588891047,
            1.0
        ],
        [
            0.9998783524109948,
            0.015595869941497404,
            0.00022185725701513753,
            0.0,
            -0.015597447864140869,
            0.9997771992796157,
            0.014222215746251323,
            0.0,
            0.0,
            -0.014223946054995053,
            0.9998988345620894,
            0.0,
            0.07798723932070434,
            -4.998885996398079,
            -0.07111107873125662,
            1.0
        ],
        [
            0.9999832207608349,
            0.00579289129449426,
            2.4642190087296878e-05,
            0.0,
            -0.005792943706558841,
            0.9999741733424926,
            0.004253757305149735,
            0.0,
            0.0,
            -0.004253828681158543,
            0.9999909524298464,
            0.0,
            0.028964718532794205,
            -4.999870866712463,
            -0.021268786525748675,
            1.0
        ],
        [
            0.999994472232168,
            -0.003324940714134408,
            1.6563673864198837e-05,
            0.0,
            0.003324981971048942,
            0.9999820641388807,
            -0.00498155552369203,
            0.0,
            0.0,
            0.0049815830607266255,
            0.9999875918381232,
            0.0,
            -0.01662490985524471,
            -4.999910320694403,
            0.02490777761846015,
            1.0
        ],
        [
            0.9999295621683164,
            -0.011867800721318917,
            0.00016126970584428137,
            0.0,
            0.011868896405267042,
            0.9998372530998813,
            -0.013586633571451857,
            0.0,
            0.0,
            0.013587590651875179,
            0.9999076844290562,
            0.0,
            -0.059344482026335216,
            -4.999186265499406,
            0.06793316785725928,
            1.0
        ],
        [
            0.999800085846771,
            -0.01998999295436295,
            0.00043419174761376896,
            0.0,
            0.01999470781955006,
            0.9995643273319995,
            -0.021710992251347355,
            0.0,
            0.0,
            0.021715333453846866,
            0.9997641943443405,
            0.0,
            -0.09997353909775031,
            -4.997821636659998,
            0.10855496125673678,
            1.0
        ],
        [
            0.9996111239925131,
            -0.02787332034089918,
            0.0008238953806467077,
            0.0,
            0.02788549426538169,
            0.9991747254040733,
            -0.029534172127725848,
            0.0,
            0.0,
            0.029545661726696686,
            0.9995634316405996,
            0.0,
            -0.13942747132690844,
            -4.995873627020367,
            0.14767086063862925,
            1.0
        ],
        [
            0.9993614371866485,
            -0.03570636574029809,
            0.0013316568088457598,
            0.0,
            0.03573118895637925,
            0.9986671595646878,
            -0.03724495325224518,
            0.0,
            0.0,
            0.037268751691175196,
            0.9993052787548865,
            0.0,
            -0.17865594478189625,
            -4.993335797823439,
            0.1862247662612259,
            1.0
        ],
        [
            0.9990443731909151,
            -0.043663041011282426,
            0.0019695799599473624,
            0.0,
            0.04370744096342816,
            0.9980294997189529,
            -0.045019743392926054,
            0.0,
            0.0,
            0.0450628066190238,
            0.9989841557600483,
            0.0,
            -0.21853720481714078,
            -4.990147498594765,
            0.22509871696463027,
            1.0
        ],
        [
            0.9986493076717963,
            -0.05188405915180503,
            0.0027576607068284186,
            0.0,
            0.051957292911024425,
            0.9972417123402247,
            -0.05300383837133246,
            0.0,
            0.0,
            0.05307552707857286,
            0.9985905008687653,
            0.0,
            -0.2597864645551221,
            -4.986208561701124,
            0.2650191918566623,
            1.0
        ],
        [
            0.9981634464901353,
            -0.06046399231712419,
            0.00372017795400781,
            0.0,
            0.06057833020919889,
            0.9962794740527378,
            -0.06129825030345885,
            0.0,
            0.0,
            0.06141103495525033,
            0.9981125611802133,
            0.0,
            -0.3028916510459944,
            -4.9813973702636885,
            0.3064912515172942,
            1.0
        ],
        [
            0.9975738531000323,
            -0.06944477386395245,
            0.004881699923146946,
            0.0,
            0.06961614475935267,
            0.9951181709443405,
            -0.06995297166836552,
            0.0,
            0.0,
            0.0701231006115303,
            0.9975383455088959,
            0.0,
            -0.34808072379676336,
            -4.975590854721703,
            0.34976485834182763,
            1.0
        ],
        [
            0.9968695983072016,
            -0.07881484601935912,
            0.006262908093163458,
            0.0,
            0.07906329091834402,
            0.9937370805005706,
            -0.07896588419921471,
            0.0,
            0.0,
            0.07921385538620879,
            0.996857645361088,
            0.0,
            -0.3953164545917201,
            -4.968685402502853,
            0.39482942099607354,
            1.0
        ],
        [
            0.996043949751915,
            -0.08851221727272665,
            0.007876392325825472,
            0.0,
            0.08886197253383864,
            0.9921235819973974,
            -0.08828560404759653,
            0.0,
            0.0,
            0.08863625352032493,
            0.9960640614749037,
            0.0,
            -0.4443098626691932,
            -4.960617909986987,
            0.44142802023798267,
            1.0
        ],
        [
            0.9950965156208239,
            -0.09842965047061725,
            0.009722577206049167,
            0.0,
            0.09890866796846204,
            0.990277234835658,
            -0.09781653013140269,
            0.0,
            0.0,
            0.098298535464549,
            0.9951569715002376,
            0.0,
            -0.4945433398423102,
            -4.95138617417829,
            0.4890826506570135,
            1.0
        ],
        [
            0.9940352346008549,
            -0.10842067551460702,
            0.011785987144903325,
            0.0,
            0.10905939836631931,
            0.9882135169932247,
            -0.10742482236363389,
            0.0,
            0.0,
            0.1080694311673663,
            0.9941433488421888,
            0.0,
            -0.5452969918315965,
            -4.941067584966123,
            0.5371241118181694,
            1.0
        ],
        [
            0.9928780561469057,
            -0.11830580898398894,
            0.01403214818143764,
            0.0,
            0.11913507301354166,
            0.9859669254708766,
            -0.1169446717707347,
            0.0,
            0.0,
            0.1177835193825974,
            0.9930392955778987,
            0.0,
            -0.5956753650677084,
            -4.929834627354383,
            0.5847233588536734,
            1.0
        ],
        [
            0.9916540860497214,
            -0.12787897319364805,
            0.016405542838627264,
            0.0,
            0.12892700888833106,
            0.9835930219800623,
            -0.1261847593461149,
            0.0,
            0.0,
            0.1272467497701492,
            0.9918710927700902,
            0.0,
            -0.6446350444416553,
            -4.917965109900312,
            0.6309237967305744,
            1.0
        ],
        [
            0.9904039006901377,
            -0.1369144870977616,
            0.018829145506814,
            0.0,
            0.13820316023072665,
            0.9811688955319894,
            -0.13493511382429776,
            0.0,
            0.0,
            0.1362425104851381,
            0.9906755161689962,
            0.0,
            -0.6910158011536333,
            -4.905844477659947,
            0.6746755691214888,
            1.0
        ],
        [
            0.9891787020102167,
            -0.14517505607333267,
            0.021206097790199285,
            0.0,
            0.14671569612479363,
            0.9787914812381949,
            -0.1429746158104906,
            0.0,
            0.0,
            0.14453871228721005,
            0.9894991463616101,
            0.0,
            -0.7335784806239681,
            -4.8939574061909745,
            0.714873079052453,
            1.0
        ],
        [
            0.9880380416486602,
            -0.15242095088877863,
            0.023423961775093243,
            0.0,
            0.15421033770496873,
            0.9765732963408401,
            -0.1500792078167565,
            0.0,
            0.0,
            0.15189618363917579,
            0.9883964535528513,
            0.0,
            -0.7710516885248436,
            -4.882866481704201,
            0.7503960390837825,
            1.0
        ],
        [
            0.9870460244190892,
            -0.15842011185334548,
            0.0253616608061136,
            0.0,
            0.16043735749030166,
            0.9746354841472905,
            -0.15603053343017756,
            0.0,
            0.0,
            0.15807827555154477,
            0.9874265840044261,
            0.0,
            -0.8021867874515083,
            -4.873177420736452,
            0.7801526671508878,
            1.0
        ],
        [
            0.9862661889191159,
            -0.16295847043307826,
            0.026898726904340208,
            0.0,
            0.16516356921234998,
            0.9730985492296008,
            -0.16062443429404888,
            0.0,
            0.0,
            0.16286113840126965,
            0.9866490002015116,
            0.0,
            -0.8258178460617499,
            -4.865492746148004,
            0.8031221714702445,
            1.0
        ],
        [
            0.9857555807401639,
            -0.165849558495708,
            0.027925955425034083,
            0.0,
            0.16818422946168962,
            0.9720716881345696,
            -0.1636786427350431,
            0.0,
            0.0,
            0.16604384081918505,
            0.9861183716603261,
            0.0,
            -0.8409211473084481,
            -4.860358440672847,
            0.8183932136752156,
            1.0
        ],
        [
            0.9855587711576662,
            -0.1669426082440056,
            0.02835620120677956,
            0.0,
            0.16933371960182914,
            0.9716419873235961,
            -0.16503920708626135,
            0.0,
            0.0,
            0.1674574991528932,
            0.9858792958458246,
            0.0,
            -0.8466685980091457,
            -4.858209936617981,
            0.8251960354313068,
            1.0
        ],
        [
            0.9857026549607546,
            -0.1661287364790502,
            0.028133946029555323,
            0.0,
            0.16849414234126844,
            0.9718648632960102,
            -0.16458557496727336,
            0.0,
            0.0,
            0.1669728433204091,
            0.9859614949852241,
            0.0,
            -0.8424707117063422,
            -4.859324316480051,
            0.8229278748363668,
            1.0
        ],
        [
            0.986192758725349,
            -0.163345314882295,
            0.027242443790700212,
            0.0,
            0.16560145723297717,
            0.9727569394634079,
            -0.16223468830092427,
            0.0,
            0.0,
            0.16450606320676306,
            0.9863760718753332,
            0.0,
            -0.8280072861648858,
            -4.8637846973170396,
            0.8111734415046215,
            1.0
        ],
        [
            0.9870115770261303,
            -0.1585789005830513,
            0.02570756904614029,
            0.0,
            0.16064914197216035,
            0.9742922298002148,
            -0.15794462363288678,
            0.0,
            0.0,
            0.16002307096414667,
            0.9871132745329706,
            0.0,
            -0.8032457098608017,
            -4.871461149001075,
            0.7897231181644339,
            1.0
        ],
        [
            0.9881191767342151,
            -0.1518671551305072,
            0.02359787623205437,
            0.0,
            0.15368959811938118,
            0.9764021126788299,
            -0.15171823155514508,
            0.0,
            0.0,
            0.15354244217441632,
            0.9881420537812952,
            0.0,
            -0.7684479905969059,
            -4.88201056339415,
            0.7585911577757254,
            1.0
        ],
        [
            0.9894560504546017,
            -0.14329987457882593,
            0.021020707991724126,
            0.0,
            0.14483343612156888,
            0.9789792449057928,
            -0.14360680285036337,
            0.0,
            0.0,
            0.1451371213348827,
            0.9894115503725553,
            0.0,
            -0.7241671806078444,
            -4.8948962245289644,
            0.7180340142518168,
            1.0
        ],
        [
            0.9909479598165197,
            -0.13301881562198714,
            0.018114514235852777,
            0.0,
            0.13424656768601992,
            0.981885244664954,
            -0.13371322063941998,
            0.0,
            0.0,
            0.1349346545545922,
            0.9908544994095918,
            0.0,
            -0.6712328384300996,
            -4.909426223324769,
            0.6685661031971,
            1.0
        ],
        [
            0.9925122817241954,
            -0.12121564120845191,
            0.01503791717809404,
            0.0,
            0.12214487556435333,
            0.9849616046567296,
            -0.12219356253669461,
            0.0,
            0.0,
            0.12311541608776828,
            0.9923923590604352,
            0.0,
            -0.6107243778217666,
            -4.9248080232836475,
            0.610967812683473,
            1.0
        ],
        [
            0.99406516868367,
            -0.10812715993040903,
            0.011956491763487556,
            0.0,
            0.10878621424567819,
            0.9880428712480759,
            -0.10925586559060126,
            0.0,
            0.0,
            0.10990815193261087,
            0.9939417478598824,
            0.0,
            -0.5439310712283909,
            -4.9402143562403795,
            0.5462793279530063,
            1.0
        ],
        [
            0.9955286771597923,
            -0.09402731340646318,
            0.009028692376904141,
            0.0,
            0.09445979542892319,
            0.9909706717802552,
            -0.095155003646238,
            0.0,
            0.0,
            0.09558238333998757,
            0.995421522770654,
            0.0,
            -0.47229897714461594,
            -4.954853358901276,
            0.47577501823119,
            1.0
        ],
        [
            0.9968369839265893,
            -0.07921591636208097,
            0.006392657589506711,
            0.0,
            0.0794734388090819,
            0.9936068745566086,
            -0.08018323613890323,
            0.0,
            0.0,
            0.08043766175594486,
            0.9967596413234417,
            0.0,
            -0.39736719404540954,
            -4.968034372783043,
            0.4009161806945161,
            1.0
        ],
        [
            0.99794093053697,
            -0.06400492068815067,
            0.004155633129861893,
            0.0,
            0.06413968474358495,
            0.9958441542989722,
            -0.06465695004837728,
            0.0,
            0.0,
            0.06479035789581934,
            0.9978988974458944,
            0.0,
            -0.32069842371792473,
            -4.9792207714948615,
            0.32328475024188635,
            1.0
        ],
        [
            0.9988104274944055,
            -0.048703495935371766,
            0.0023873441553779306,
            0.0,
            0.04876197215497945,
            0.9976126363607948,
            -0.04890089820056226,
            0.0,
            0.0,
            0.048959138645792884,
            0.998800782309997,
            0.0,
            -0.24380986077489725,
            -4.988063181803974,
            0.2445044910028113,
            1.0
        ],
        [
            0.9994346206762276,
            -0.0336034103294283,
            0.0011179481191898072,
            0.0,
            0.03362200163234081,
            0.998881982794122,
            -0.033231693539727485,
            0.0,
            0.0,
            0.033250492680794455,
            0.9994470494911096,
            0.0,
            -0.16811000816170404,
            -4.9944099139706095,
            0.16615846769863743,
            1.0
        ],
        [
            0.9998200725555945,
            -0.01896593361260962,
            0.0003404072970206929,
            0.0,
            0.01896898824201703,
            0.9996590687236145,
            -0.017942235192692224,
            0.0,
            0.0,
            0.017945464074181763,
            0.9998389671937988,
            0.0,
            -0.09484494121008516,
            -4.998295343618073,
            0.08971117596346112,
            1.0
        ],
        [
            0.9999874448366337,
            -0.005010977707541152,
            1.647771403037584e-05,
            0.0,
            0.005011004799492218,
            0.9999820384137692,
            -0.003288264092593566,
            0.0,
            0.0,
            0.0032883053778047827,
            0.9999945935092561,
            0.0,
            -0.025055023997461092,
            -4.999910192068847,
            0.016441320462967833,
            1.0
        ],
        [
            0.9999672614663657,
            0.008091275889601722,
            8.51465523079319e-05,
            0.0,
            -0.008091723886602908,
            0.9999118984385735,
            0.010522327000756155,
            0.0,
            0.0,
            -0.010522671497590902,
            0.9999446351596442,
            0.0,
            0.04045861943301454,
            -4.999559492192867,
            -0.05261163500378078,
            1.0
        ],
        [
            0.999795316849132,
            0.020226254876476234,
            0.0004722501621158688,
            0.0,
            -0.020231767262001536,
            0.9995229107285252,
            0.023337234674079516,
            0.0,
            0.0,
            -0.023342012390723248,
            0.9997275381110352,
            0.0,
            0.10115883631000769,
            -4.997614553642626,
            -0.11668617337039758,
            1.0
        ],
        [
            0.999508229735183,
            0.03133829159367797,
            0.0011000780109612425,
            0.0,
            -0.031357593843287596,
            0.998892979807729,
            0.035064457777006376,
            0.0,
            0.0,
            -0.035081709918783364,
            0.9993844473620621,
            0.0,
            0.15678796921643798,
            -4.994464899038644,
            -0.17532228888503187,
            1.0
        ],
        [
            0.9991395710492663,
            0.041430943275460354,
            0.001895917401601805,
            0.0,
            -0.04147430003614419,
            0.9980950819262677,
            0.045673732835284184,
            0.0,
            0.0,
            -0.04571306568042241,
            0.9989546113943804,
            0.0,
            0.20737150018072095,
            -4.990475409631339,
            -0.22836866417642093,
            1.0
        ],
        [
            0.998716919590278,
            0.05056364210180991,
            0.002798682101691611,
            0.0,
            -0.050641035969915274,
            0.9971905968350466,
            0.0551941940756187,
            0.0,
            0.0,
            -0.05526510364745,
            0.9984717163339363,
            0.0,
            0.25320517984957636,
            -4.985952984175234,
            -0.2759709703780935,
            1.0
        ],
        [
            0.9982600953933937,
            0.0588440444347897,
            0.0037630280000358614,
            0.0,
            -0.05896424293733075,
            0.9962251439951318,
            0.0637077744604697,
            0.0,
            0.0,
            -0.06381881310738338,
            0.9979615018093457,
            0.0,
            0.29482121468665373,
            -4.981125719975659,
            -0.31853887230234845,
            1.0
        ],
        [
            0.9977806732366287,
            0.06641584001131393,
            0.00476070489020266,
            0.0,
            -0.06658624569278589,
            0.9952271804872865,
            0.07133814620429879,
            0.0,
            0.0,
            -0.07149682101266817,
            0.9974408276108826,
            0.0,
            0.3329312284639294,
            -4.9761359024364324,
            -0.35669073102149396,
            1.0
        ],
        [
            0.9972826833944145,
            0.07344282601125438,
            0.0057793346603772005,
            0.0,
            -0.07366986766403222,
            0.9942091783657753,
            0.07823592685981293,
            0.0,
            0.0,
            -0.07844909789621952,
            0.9969181205290981,
            0.0,
            0.3683493383201611,
            -4.971045891828877,
            -0.3911796342990646,
            1.0
        ],
        [
            0.9967642188265526,
            0.08009113689463598,
            0.006819227083548961,
            0.0,
            -0.08038091855093675,
            0.9931707790963278,
            0.08456187960364304,
            0.0,
            0.0,
            -0.08483639160241334,
            0.9963948949386895,
            0.0,
            0.40190459275468376,
            -4.965853895481638,
            -0.4228093980182152,
            1.0
        ],
        [
            0.9962195511395002,
            0.08651224121873759,
            0.007889109374558124,
            0.0,
            -0.0868712030963816,
            0.9921030565143946,
            0.09047054397638563,
            0.0,
            0.0,
            -0.0908138611342281,
            0.9958678841221325,
            0.0,
            0.43435601548190805,
            -4.960515282571973,
            -0.45235271988192804,
            1.0
        ],
        [
            0.9956413590940512,
            0.09282916777443989,
            0.009001648274377997,
            0.0,
            -0.09326459168060901,
            0.9909930135439532,
            0.09609663389382252,
            0.0,
            0.0,
            -0.09651731822517123,
            0.9953313052861449,
            0.0,
            0.46632295840304505,
            -4.954965067719766,
            -0.4804831694691126,
            1.0
        ],
        [
            0.9950227754065836,
            0.09912749058593247,
            0.010169416517947862,
            0.0,
            -0.09964776175198137,
            0.9898276596257145,
            0.1015456932503839,
            0.0,
            0.0,
            -0.10205363712291969,
            0.9947788976199603,
            0.0,
            0.49823880875990684,
            -4.949138298128573,
            -0.5077284662519195,
            1.0
        ],
        [
            0.9943591009328847,
            0.10545132186307586,
            0.011401627483614736,
            0.0,
            -0.10606591531658575,
            0.9885973386169962,
            0.10688930576744834,
            0.0,
            0.0,
            -0.10749567803740849,
            0.99420555178659,
            0.0,
            0.5303295765829288,
            -4.942986693084981,
            -0.5344465288372418,
            1.0
        ],
        [
            0.9936491641948164,
            0.11180342689401468,
            0.01270166247770648,
            0.0,
            -0.1125226132603703,
            0.9872982724840456,
            0.11216408808115313,
            0.0,
            0.0,
            -0.1128809766292543,
            0.9936085170303371,
            0.0,
            0.5626130663018515,
            -4.936491362420227,
            -0.5608204404057656,
            1.0
        ],
        [
            0.9928963721264247,
            0.11814805524114236,
            0.014065250119369838,
            0.0,
            -0.11898232733555206,
            0.9859344496757937,
            0.11737319423235232,
            0.0,
            0.0,
            -0.11821293493195208,
            0.992988268820319,
            0.0,
            0.5949116366777603,
            -4.929672248378968,
            -0.5868659711617616,
            1.0
        ],
        [
            0.9921095121816901,
            0.12441508276704823,
            0.015479115565091328,
            0.0,
            -0.12537430294366111,
            0.9845190296095007,
            0.12248903827754606,
            0.0,
            0.0,
            -0.1234632233372983,
            0.9923491484770692,
            0.0,
            0.6268715147183056,
            -4.922595148047503,
            -0.6124451913877303,
            1.0
        ],
        [
            0.9913033367530186,
            0.1305044407983721,
            0.01691997264287289,
            0.0,
            -0.13159671174589194,
            0.983075381657867,
            0.12745626479662617,
            0.0,
            0.0,
            -0.12857443334560434,
            0.9916998613944931,
            0.0,
            0.6579835587294597,
            -4.9153769082893355,
            -0.6372813239831309,
            1.0
        ],
        [
            0.9904989048772539,
            0.13629033660156042,
            0.018353843902414367,
            0.0,
            -0.13752061458908926,
            0.9816377679271097,
            0.13219445200961044,
            0.0,
            0.0,
            -0.13346249183990005,
            0.9910538649699544,
            0.0,
            0.6876030729454463,
            -4.908188839635549,
            -0.6609722600480522,
            1.0
        ],
        [
            0.9897235889732008,
            0.1416252608512507,
            0.019735828303414506,
            0.0,
            -0.1429937671019498,
            0.9802515473211441,
            0.13660046319283195,
            0.0,
            0.0,
            -0.1380188011225938,
            0.9904296090771327,
            0.0,
            0.714968835509749,
            -4.90125773660572,
            -0.6830023159641598,
            1.0
        ],
        [
            0.9890105892130661,
            0.1463441503076935,
            0.02101057103324707,
            0.0,
            -0.14784469697768637,
            0.9789726468548403,
            0.14055071072607264,
            0.0,
            0.0,
            -0.14211244273724688,
            0.9898505208460784,
            0.0,
            0.7392234848884318,
            -4.894863234274202,
            -0.7027535536303633,
            1.0
        ],
        [
            0.9883977625000423,
            0.15026923740632303,
            0.02211378244968858,
            0.0,
            -0.15188766600652612,
            0.9778659579811811,
            0.1439038051499571,
            0.0,
            0.0,
            -0.14559300982831894,
            0.9893445686357868,
            0.0,
            0.7594383300326306,
            -4.889329789905906,
            -0.7195190257497855,
            1.0
        ],
        [
            0.9879255980704641,
            0.1532160406168203,
            0.022975151246960517,
            0.0,
            -0.15492905691675735,
            0.9770023233387974,
            0.14650408701970108,
            0.0,
            0.0,
            -0.14829465630391694,
            0.9889432212779979,
            0.0,
            0.7746452845837868,
            -4.885011616693988,
            -0.7325204350985053,
            1.0
        ],
        [
            0.9876342733717439,
            0.1550006986985405,
            0.023522871092441243,
            0.0,
            -0.15677545108041419,
            0.9764539114783023,
            0.1481864254824189,
            0.0,
            0.0,
            -0.15004180138110879,
            0.9886796538001134,
            0.0,
            0.783877255402071,
            -4.882269557391512,
            -0.7409321274120945,
            1.0
        ],
        [
            0.9875599114138989,
            0.1554484432013428,
            0.023689720860558976,
            0.0,
            -0.1572431918022917,
            0.9762880607916355,
            0.14878239474996874,
            0.0,
            0.0,
            -0.15065657590024648,
            0.9885861601995111,
            0.0,
            0.7862159590114586,
            -4.881440303958178,
            -0.7439119737498437,
            1.0
        ],
        [
            0.9877303866441333,
            0.1544026371958098,
            0.023420267436777973,
            0.0,
            -0.15616876544248876,
            0.9765600445401115,
            0.14812763451829114,
            0.0,
            0.0,
            -0.1499676799673671,
            0.9886908996067504,
            0.0,
            0.7808438272124438,
            -4.882800222700557,
            -0.7406381725914556,
            1.0
        ],
        [
            0.9881612223750185,
            0.1517336116333985,
            0.022678397099315815,
            0.0,
            -0.15341902943999242,
            0.9773055643379698,
            0.14606996720658627,
            0.0,
            0.0,
            -0.14781997501937094,
            0.9890142845203362,
            0.0,
            0.7670951471999621,
            -4.886527821689849,
            -0.7303498360329315,
            1.0
        ],
        [
            0.9888522157916899,
            0.14734658079856283,
            0.021454147637175226,
            0.0,
            -0.14890028651371062,
            0.9785339996546737,
            0.14247777439292778,
            0.0,
            0.0,
            -0.14408399163959798,
            0.9895654618837504,
            0.0,
            0.7445014325685531,
            -4.892669998273369,
            -0.712388871964639,
            1.0
        ],
        [
            0.9897853787950288,
            0.14118816945287344,
            0.019768781705708734,
            0.0,
            -0.1425654373387227,
            0.9802234566240983,
            0.13724821004415025,
            0.0,
            0.0,
            -0.13866461657701704,
            0.9903393984435582,
            0.0,
            0.7128271866936136,
            -4.901117283120491,
            -0.6862410502207512,
            1.0
        ],
        [
            0.9909246097258403,
            0.13325139370887018,
            0.017677214552493516,
            0.0,
            -0.13441881505091174,
            0.9823184742134122,
            0.13031499291847662,
            0.0,
            0.0,
            -0.13150848373271398,
            0.9913150451326371,
            0.0,
            0.6720940752545588,
            -4.911592371067061,
            -0.6515749645923831,
            1.0
        ],
        [
            0.9922172750355773,
            0.12357909091506353,
            0.01526720044998549,
            0.0,
            -0.12451858945946012,
            0.9847309495827454,
            0.121655570414556,
            0.0,
            0.0,
            -0.12260980883465658,
            0.9924549535256142,
            0.0,
            0.6225929472973006,
            -4.923654747913727,
            -0.60827785207278,
            1.0
        ],
        [
            0.9935976251343661,
            0.11226579700924025,
            0.012655044418244695,
            0.0,
            -0.11297680880316846,
            0.987344486659545,
            0.11129737344453301,
            0.0,
            0.0,
            -0.1120145324718163,
            0.993706568618282,
            0.0,
