{
    "4835118032": [
        [
            1.0,
            0.0,
            0.0,
            0.0,
            0.0,
            0.7071067811865476,
            0.7071067811865475,
            0.0,
            0.0,
            -0.7071067811865475,
            0.7071067811865476,
            0.0,
            0.0,
            -3.5355339059327378,
            -3.5355339059327373,
            1.0
        ],
        [
            1.0,
            0.0,
            0.0,
            0.0,
            0.0,
            0.7092325395598001,
            0.7049746128971996,
            0.0,
            0.0,
            -0.7049746128971996,
            0.7092325395598001,
            0.0,
            0.0,
            -3.5461626977990006,
            -3.5248730644859982,
            1.0
        ],
        [
            1.0,
            0.0,
            0.0,
            0.0,
            0.0,
            0.7155376495925314,
            0.6985741707332126,
            0.0,
            0.0,
            -0.6985741707332126,
            0.7155376495925314,
            0.0,
            0.0,
            -3.577688247962657,
            -3.492870853666063,
            1.0
        ],
        [
            1.0,
            0.0,
            0.0,
            0.0,
            0.0,
            0.7258104936888408,
            0.687894706514857,
            0.0,
            0.0,
            -0.687894706514857,
            0.7258104936888408,
            0.0,
            0.0,
            -3.629052468444204,
            -3.4394735325742847,
            1.0
        ],
        [
            1.0,
            0.0,
            0.0,
            0.0,
            0.0,
            0.7397143893184503,
            0.6729209628442497,
            0.0,
            0.0,
            -0.6729209628442497,
            0.7397143893184503,
            0.0,
            0.0,
            -3.698571946592252,
            -3.3646048142212486,
            1.0
        ],
        [
            1.0,
            0.0,
            0.0,
            0.0,
            0.0,
            0.7568104293647175,
            0.6536344345311008,
            0.0,
            0.0,
            -0.6536344345311008,
            0.7568104293647175,
            0.0,
            0.0,
            -3.784052146823588,
            -3.268172172655504,
            1.0
        ],
        [
            1.0,
            0.0,
            0.0,
            0.0,
            0.0,
            0.7765865549772633,
            0.6300105734259911,
            0.0,
            0.0,
            -0.6300105734259911,
            0.7765865549772633,
            0.0,
            0.0,
            -3.8829327748863163,
            -3.1500528671299555,
            1.0
        ],
        [
            1.0,
            0.0,
            0.0,
            0.0,
            0.0,
            0.7984887109343419,
            0.6020097827364709,
            0.0,
            0.0,
            -0.6020097827364709,
            0.7984887109343419,
            0.0,
            0.0,
            -3.9924435546717096,
            -3.0100489136823545,
            1.0
        ],
        [
            1.0,
            0.0,
            0.0,
            0.0,
            0.0,
            0.8219481754848319,
            0.5695622852833182,
            0.0,
            0.0,
            -0.5695622852833182,
            0.8219481754848319,
            0.0,
            0.0,
            -4.1097408774241595,
            -2.847811426416591,
            1.0
        ],
        [
            1.0,
            0.0,
            0.0,
            0.0,
            0.0,
            0.846398073664537,
            0.5325507495975956,
            0.0,
            0.0,
            -0.5325507495975956,
            0.846398073664537,
            0.0,
            0.0,
            -4.231990368322685,
            -2.662753747987978,
            1.0
        ],
        [
            1.0,
            0.0,
            0.0,
            0.0,
            0.0,
            0.8712730425433933,
            0.4907986199422104,
            0.0,
            0.0,
            -0.4907986199422104,
            0.8712730425433933,
            0.0,
            0.0,
            -4.356365212716967,
            -2.453993099711052,
            1.0
        ],
        [
            1.0,
            0.0,
            0.0,
            0.0,
            0.0,
            0.8959896038977291,
            0.444075027115003,
            0.0,
            0.0,
            -0.444075027115003,
            0.8959896038977291,
            0.0,
            0.0,
            -4.479948019488646,
            -2.220375135575015,
            1.0
        ],
        [
            1.0,
            0.0,
            0.0,
            0.0,
            0.0,
            0.9199107217310132,
            0.3921278669571017,
            0.0,
            0.0,
            -0.3921278669571017,
            0.9199107217310132,
            0.0,
            0.0,
            -4.599553608655066,
            -1.9606393347855087,
            1.0
        ],
        [
            1.0,
            0.0,
            0.0,
            0.0,
            0.0,
            0.9423053885090511,
            0.3347544694052735,
            0.0,
            0.0,
            -0.3347544694052735,
            0.9423053885090511,
            0.0,
            0.0,
            -4.711526942545255,
            -1.6737723470263675,
            1.0
        ],
        [
            1.0,
            0.0,
            0.0,
            0.0,
            0.0,
            0.9623216017117037,
            0.2719138372334538,
            0.0,
            0.0,
            -0.2719138372334538,
            0.9623216017117037,
            0.0,
            0.0,
            -4.811608008558518,
            -1.359569186167269,
            1.0
        ],
        [
            1.0,
            0.0,
            0.0,
            0.0,
            0.0,
            0.9789976366800487,
            0.2038715953115571,
            0.0,
            0.0,
            -0.2038715953115571,
            0.9789976366800487,
            0.0,
            0.0,
            -4.894988183400243,
            -1.0193579765577856,
            1.0
        ],
        [
            1.0,
            0.0,
            0.0,
            0.0,
            0.0,
            0.99133691726865,
            0.1313435055885512,
            0.0,
            0.0,
            -0.1313435055885512,
            0.99133691726865,
            0.0,
            0.0,
            -4.9566845863432505,
            -0.6567175279427561,
            1.0
        ],
        [
            1.0,
            0.0,
            0.0,
            0.0,
            0.0,
            0.9984548440616903,
            0.055569095455529946,
            0.0,
            0.0,
            -0.055569095455529946,
            0.9984548440616903,
            0.0,
            0.0,
            -4.992274220308452,
            -0.27784547727764974,
            1.0
        ],
        [
            1.0,
            0.0,
            0.0,
            0.0,
            0.0,
            0.9997631011970357,
            -0.02176560325113554,
            0.0,
            0.0,
            0.02176560325113554,
            0.9997631011970357,
            0.0,
            0.0,
            -4.998815505985179,
            0.1088280162556777,
            1.0
        ],
        [
            1.0,
            0.0,
            0.0,
            0.0,
            0.0,
            0.9951092786790511,
            -0.0987801776008666,
            0.0,
            0.0,
            0.0987801776008666,
            0.9951092786790511,
            0.0,
            0.0,
            -4.9755463933952555,
            0.493900888004333,
            1.0
        ],
        [
            1.0,
            0.0,
            0.0,
            0.0,
            0.0,
            0.9847923603643756,
            -0.1737354510972412,
            0.0,
            0.0,
            0.1737354510972412,
            0.9847923603643756,
            0.0,
            0.0,
            -4.923961801821878,
            0.868677255486206,
            1.0
        ],
        [
            1.0,
            0.0,
            0.0,
            0.0,
            0.0,
            0.9694485703990651,
            -0.24529465821988267,
            0.0,
            0.0,
            0.24529465821988267,
            0.9694485703990651,
            0.0,
            0.0,
            -4.8472428519953255,
            1.2264732910994134,
            1.0
        ],
        [
            1.0,
            0.0,
            0.0,
            0.0,
            0.0,
            0.9498806753967771,
            -0.3126127036890257,
            0.0,
            0.0,
            0.3126127036890257,
            0.9498806753967771,
            0.0,
            0.0,
            -4.749403376983886,
            1.5630635184451287,
            1.0
        ],
        [
            1.0,
            0.0,
            0.0,
            0.0,
            0.0,
            0.9269147652655247,
            -0.37527192531917075,
            0.0,
            0.0,
            0.37527192531917075,
            0.9269147652655247,
            0.0,
            0.0,
            -4.634573826327624,
            1.8763596265958538,
            1.0
        ],
        [
            1.0,
            0.0,
            0.0,
            0.0,
            0.0,
            0.9013244388939916,
            -0.4331446130940925,
            0.0,
            0.0,
            0.4331446130940925,
            0.9013244388939916,
            0.0,
            0.0,
            -4.5066221944699585,
            2.1657230654704627,
            1.0
        ],
        [
            1.0,
            0.0,
            0.0,
            0.0,
            0.0,
            0.8738177061276872,
            -0.48625365444153423,
            0.0,
            0.0,
            0.48625365444153423,
            0.8738177061276872,
            0.0,
            0.0,
            -4.369088530638436,
            2.4312682722076713,
            1.0
        ],
        [
            1.0,
            0.0,
            0.0,
            0.0,
            0.0,
            0.8450619672775088,
            -0.5346683752206284,
            0.0,
            0.0,
            0.5346683752206284,
            0.8450619672775088,
            0.0,
            0.0,
            -4.225309836387544,
            2.673341876103142,
            1.0
        ],
        [
            1.0,
            0.0,
            0.0,
            0.0,
            0.0,
            0.8157213580172104,
            -0.5784450415333838,
            0.0,
            0.0,
            0.5784450415333838,
            0.8157213580172104,
            0.0,
            0.0,
            -4.078606790086051,
            2.892225207666919,
            1.0
        ],
        [
            1.0,
            0.0,
            0.0,
            0.0,
            0.0,
            0.78648746063069,
            -0.6176062453300557,
            0.0,
            0.0,
            0.6176062453300557,
            0.78648746063069,
            0.0,
            0.0,
            -3.93243730315345,
            3.0880312266502785,
            1.0
        ],
        [
            1.0,
            0.0,
            0.0,
            0.0,
            0.0,
            0.7580928588792148,
            -0.6521466225599416,
            0.0,
            0.0,
            0.6521466225599416,
            0.7580928588792148,
            0.0,
            0.0,
            -3.7904642943960742,
            3.260733112799708,
            1.0
        ],
        [
            1.0,
            0.0,
            0.0,
            0.0,
            0.0,
            0.7313047536413577,
            -0.6820508465661143,
            0.0,
            0.0,
            0.6820508465661143,
            0.7313047536413577,
            0.0,
            0.0,
            -3.656523768206789,
            3.4102542328305714,
            1.0
        ],
        [
            1.0,
            0.0,
            0.0,
            0.0,
            0.0,
            0.7069015570852986,
            -0.7073119457427397,
            0.0,
            0.0,
            0.7073119457427397,
            0.7069015570852986,
            0.0,
            0.0,
            -3.534507785426493,
            3.5365597287136987,
            1.0
        ],
        [
            1.0,
            0.0,
            0.0,
            0.0,
            0.0,
            0.6856384039349283,
            -0.7279422910159596,
            0.0,
            0.0,
            0.7279422910159596,
            0.6856384039349283,
            0.0,
            0.0,
            -3.428192019674641,
            3.639711455079798,
            1.0
        ],
        [
            1.0,
            0.0,
            0.0,
            0.0,
            0.0,
            0.6682081285690987,
            -0.7439743926468052,
            0.0,
            0.0,
            0.7439743926468052,
            0.6682081285690987,
            0.0,
            0.0,
            -3.3410406428454937,
            3.7198719632340262,
            1.0
        ],
        [
            1.0,
            0.0,
            0.0,
            0.0,
            0.0,
            0.6552033572140252,
            -0.7554525535700244,
            0.0,
            0.0,
            0.7554525535700244,
            0.6552033572140252,
            0.0,
            0.0,
            -3.276016786070126,
            3.777262767850122,
            1.0
        ],
        [
            1.0,
            0.0,
            0.0,
            0.0,
            0.0,
            0.6470839209350435,
            -0.762418782079331,
            0.0,
            0.0,
            0.762418782079331,
            0.6470839209350435,
            0.0,
            0.0,
            -3.2354196046752177,
            3.812093910396655,
            1.0
        ],
        [
            1.0,
            0.0,
            0.0,
            0.0,
            0.0,
            0.6441524551749075,
            -0.7648971267380593,
            0.0,
            0.0,
            0.7648971267380593,
            0.6441524551749075,
            0.0,
            0.0,
            -3.2207622758745376,
            3.824485633690297,
            1.0
        ],
        [
            1.0,
            0.0,
            0.0,
            0.0,
            0.0,
            0.6465399969777005,
            -0.7628800903864743,
            0.0,
            0.0,
            0.7628800903864743,
            0.6465399969777005,
            0.0,
            0.0,
            -3.2326999848885025,
            3.8144004519323715,
            1.0
        ],
        [
            1.0,
            0.0,
            0.0,
            0.0,
            0.0,
            0.6542025311664977,
            -0.7563194088580218,
            0.0,
            0.0,
            0.7563194088580218,
            0.6542025311664977,
            0.0,
            0.0,
            -3.2710126558324886,
            3.781597044290109,
            1.0
        ],
        [
            1.0,
            0.0,
            0.0,
            0.0,
            0.0,
            0.6669285135070057,
            -0.7451217067508742,
            0.0,
            0.0,
            0.7451217067508742,
            0.6669285135070057,
            0.0,
            0.0,
            -3.3346425675350284,
            3.7256085337543707,
            1.0
        ],
        [
            1.0,
            0.0,
            0.0,
            0.0,
            0.0,
            0.6843561741311215,
            -0.7291478772708688,
            0.0,
            0.0,
            0.7291478772708688,
            0.6843561741311215,
            0.0,
            0.0,
            -3.421780870655607,
            3.645739386354344,
            1.0
        ],
        [
            1.0,
            0.0,
            0.0,
            0.0,
            0.0,
            0.7059977656683881,
            -0.7082140600632295,
            0.0,
            0.0,
            0.7082140600632295,
            0.7059977656683881,
            0.0,
            0.0,
            -3.5299888283419407,
            3.5410703003161474,
            1.0
        ],
        [
            1.0,
            0.0,
            0.0,
            0.0,
            0.0,
            0.7312661348266558,
            -0.6820922518660384,
            0.0,
            0.0,
            0.6820922518660384,
            0.7312661348266558,
            0.0,
            0.0,
            -3.656330674133279,
            3.4104612593301917,
            1.0
        ],
        [
            1.0,
            0.0,
            0.0,
            0.0,
            0.0,
            0.7594975879109818,
            -0.6505101182590479,
            0.0,
            0.0,
            0.6505101182590479,
            0.7594975879109818,
            0.0,
            0.0,
            -3.797487939554909,
            3.2525505912952397,
            1.0
        ],
        [
            1.0,
            0.0,
            0.0,
            0.0,
            0.0,
            0.7899648659849352,
            -0.613152110417475,
            0.0,
            0.0,
            0.613152110417475,
            0.7899648659849352,
            0.0,
            0.0,
            -3.949824329924676,
            3.065760552087375,
            1.0
        ],
        [
            1.0,
            0.0,
            0.0,
            0.0,
            0.0,
            0.8218756201941648,
            -0.5696669772160372,
            0.0,
            0.0,
            0.5696669772160372,
            0.8218756201941648,
            0.0,
            0.0,
            -4.109378100970824,
            2.848334886080186,
            1.0
        ],
        [
            1.0,
            0.0,
            0.0,
            0.0,
            0.0,
            0.8543551810107202,
            -0.5196895464410839,
            0.0,
            0.0,
            0.5196895464410839,
            0.8543551810107202,
            0.0,
            0.0,
            -4.271775905053601,
            2.5984477322054196,
            1.0
        ],
        [
            1.0,
            0.0,
            0.0,
            0.0,
            0.0,
            0.886417498846828,
            -0.4628866143432253,
            0.0,
            0.0,
            0.4628866143432253,
            0.886417498846828,
            0.0,
            0.0,
            -4.43208749423414,
            2.3144330717161266,
            1.0
        ],
        [
            1.0,
            0.0,
            0.0,
            0.0,
            0.0,
            0.9169347609524221,
            -0.39903714633743637,
            0.0,
            0.0,
            0.39903714633743637,
            0.9169347609524221,
            0.0,
            0.0,
            -4.584673804762111,
            1.9951857316871817,
            1.0
        ],
        [
            1.0,
            0.0,
            0.0,
            0.0,
            0.0,
            0.9446246083604165,
            -0.32815293580879273,
            0.0,
            0.0,
            0.32815293580879273,
            0.9446246083604165,
            0.0,
            0.0,
            -4.723123041802083,
            1.6407646790439636,
            1.0
        ],
        [
            1.0,
            0.0,
            0.0,
            0.0,
            0.0,
            0.9680825735927383,
            -0.25063146391875957,
            0.0,
            0.0,
            0.25063146391875957,
            0.9680825735927383,
            0.0,
            0.0,
            -4.840412867963692,
            1.253157319593798,
            1.0
        ],
        [
            1.0,
            0.0,
            0.0,
            0.0,
            0.0,
            0.9858887492441668,
            -0.16740183426047764,
            0.0,
            0.0,
            0.16740183426047764,
            0.9858887492441668,
            0.0,
            0.0,
            -4.929443746220834,
            0.8370091713023882,
            1.0
        ],
        [
            1.0,
            0.0,
            0.0,
            0.0,
            0.0,
            0.9967960340074546,
            -0.07998541483926457,
            0.0,
            0.0,
            0.07998541483926457,
            0.9967960340074546,
            0.0,
            0.0,
            -4.983980170037273,
            0.39992707419632284,
            1.0
        ],
        [
            1.0,
            0.0,
            0.0,
            0.0,
            0.0,
            0.9999537840536907,
            0.009614039562268358,
            0.0,
            0.0,
            -0.009614039562268358,
            0.9999537840536907,
            0.0,
            0.0,
            -4.999768920268454,
            -0.048070197811341794,
            1.0
        ],
        [
            1.0,
            0.0,
            0.0,
            0.0,
            0.0,
            0.9950673932414936,
            0.09920122432499873,
            0.0,
            0.0,
            -0.09920122432499873,
            0.9950673932414936,
            0.0,
            0.0,
            -4.975336966207468,
            -0.49600612162499363,
            1.0
        ],
        [
            1.0,
            0.0,
            0.0,
            0.0,
            0.0,
            0.9824082128048763,
            0.1867460934357902,
            0.0,
            0.0,
            -0.1867460934357902,
            0.9824082128048763,
            0.0,
            0.0,
            -4.912041064024382,
            -0.933730467178951,
            1.0
        ],
        [
            1.0,
            0.0,
            0.0,
            0.0,
            0.0,
            0.9626803802125049,
            0.2706408793104008,
            0.0,
            0.0,
            -0.2706408793104008,
            0.9626803802125049,
            0.0,
            0.0,
            -4.813401901062525,
            -1.353204396552004,
            1.0
        ],
        [
            1.0,
            0.0,
            0.0,
            0.0,
            0.0,
            0.9368338082943888,
            0.34977480703537317,
            0.0,
            0.0,
            -0.34977480703537317,
            0.9368338082943888,
            0.0,
            0.0,
            -4.684169041471944,
            -1.748874035176866,
            1.0
        ],
        [
            1.0,
            0.0,
            0.0,
            0.0,
            0.0,
            0.9059132186029767,
            0.4234633872726135,
            0.0,
            0.0,
            -0.4234633872726135,
            0.9059132186029767,
            0.0,
            0.0,
            -4.529566093014884,
            -2.1173169363630677,
            1.0
        ],
        [
            1.0,
            0.0,
            0.0,
            0.0,
            0.0,
            0.8709795882867462,
            0.49131920050803046,
            0.0,
            0.0,
            -0.49131920050803046,
            0.8709795882867462,
            0.0,
            0.0,
            -4.35489794143373,
            -2.4565960025401523,
            1.0
        ],
        [
            1.0,
            0.0,
            0.0,
            0.0,
            0.0,
            0.8330937297900881,
            0.5531318444859594,
            0.0,
            0.0,
            -0.5531318444859594,
            0.8330937297900881,
            0.0,
            0.0,
            -4.165468648950441,
            -2.765659222429797,
            1.0
        ],
        [
            1.0,
            0.0,
            0.0,
            0.0,
            0.0,
            0.7933338043480963,
            0.6087868878996792,
            0.0,
            0.0,
            -0.6087868878996792,
            0.7933338043480963,
            0.0,
            0.0,
            -3.9666690217404814,
            -3.043934439498396,
            1.0
        ],
        [
            1.0,
            0.0,
            0.0,
            0.0,
            0.0,
            0.7528199734771215,
            0.6582264713105255,
            0.0,
            0.0,
            -0.6582264713105255,
            0.7528199734771215,
            0.0,
            0.0,
            -3.7640998673856076,
            -3.2911323565526276,
            1.0
        ],
        [
            1.0,
            0.0,
            0.0,
            0.0,
            0.0,
            0.712727465745873,
            0.701441059228404,
            0.0,
            0.0,
            -0.701441059228404,
            0.712727465745873,
            0.0,
            0.0,
            -3.563637328729365,
            -3.50720529614202,
            1.0
        ],
        [
            1.0,
            0.0,
            0.0,
            0.0,
            0.0,
            0.6742779875299086,
            0.738477620197536,
            0.0,
            0.0,
            -0.738477620197536,
            0.6742779875299086,
            0.0,
            0.0,
            -3.371389937649543,
            -3.69238810098768,
            1.0
        ],
        [
            1.0,
            0.0,
            0.0,
            0.0,
            0.0,
            0.6387071561301834,
            0.7694499130600339,
            0.0,
            0.0,
            -0.7694499130600339,
            0.6387071561301834,
            0.0,
            0.0,
            -3.193535780650917,
            -3.847249565300169,
            1.0
        ],
        [
            1.0,
            0.0,
            0.0,
            0.0,
            0.0,
            0.6072123586768435,
            0.7945395845834897,
            0.0,
            0.0,
            -0.7945395845834897,
            0.6072123586768435,
            0.0,
            0.0,
            -3.0360617933842176,
            -3.9726979229174484,
            1.0
        ],
        [
            1.0,
            0.0,
            0.0,
            0.0,
            0.0,
            0.5808905506834325,
            0.8139816755472439,
            0.0,
            0.0,
            -0.8139816755472439,
            0.5808905506834325,
            0.0,
            0.0,
            -2.9044527534171625,
            -4.069908377736219,
            1.0
        ],
        [
            1.0,
            0.0,
            0.0,
            0.0,
            0.0,
            0.5606778112425241,
            0.8280340524279739,
            0.0,
            0.0,
            -0.8280340524279739,
            0.5606778112425241,
            0.0,
            0.0,
            -2.8033890562126205,
            -4.140170262139869,
            1.0
        ],
        [
            1.0,
            0.0,
            0.0,
            0.0,
            0.0,
            0.547300871957659,
            0.8369359327656964,
            0.0,
            0.0,
            -0.8369359327656964,
            0.547300871957659,
            0.0,
            0.0,
            -2.7365043597882948,
            -4.184679663828482,
            1.0
        ],
        [
            1.0,
            0.0,
            0.0,
            0.0,
            0.0,
            0.5412460586443868,
            0.8408642601525629,
            0.0,
            0.0,
            -0.8408642601525629,
            0.5412460586443868,
            0.0,
            0.0,
            -2.706230293221934,
            -4.204321300762814,
            1.0
        ],
        [
            1.0,
            0.0,
            0.0,
            0.0,
            0.0,
            0.5427455607854353,
            0.8398971700438711,
            0.0,
            0.0,
            -0.8398971700438711,
            0.5427455607854353,
            0.0,
            0.0,
            -2.713727803927177,
            -4.1994858502193555,
            1.0
        ],
        [
            1.0,
            0.0,
            0.0,
            0.0,
            0.0,
            0.5517773314715777,
            0.8339914726627033,
            0.0,
            0.0,
            -0.8339914726627033,
            0.5517773314715777,
            0.0,
            0.0,
            -2.7588866573578885,
            -4.169957363313516,
            1.0
        ],
        [
            1.0,
            0.0,
            0.0,
            0.0,
            0.0,
            0.5680742604874873,
            0.8229772989406174,
            0.0,
            0.0,
            -0.8229772989406174,
            0.5680742604874873,
            0.0,
            0.0,
            -2.8403713024374366,
            -4.114886494703088,
            1.0
        ],
        [
            1.0,
            0.0,
            0.0,
            0.0,
            0.0,
            0.5911396627771098,
            0.8065692153137044,
            0.0,
            0.0,
            -0.8065692153137044,
            0.5911396627771098,
            0.0,
            0.0,
            -2.955698313885549,
            -4.032846076568522,
            1.0
        ],
        [
            1.0,
            0.0,
            0.0,
            0.0,
            0.0,
            0.6202678070300078,
            0.7843901118462578,
            0.0,
            0.0,
            -0.7843901118462578,
            0.6202678070300078,
            0.0,
            0.0,
            -3.101339035150039,
            -3.921950559231289,
            1.0
        ],
        [
            1.0,
            0.0,
            0.0,
            0.0,
            0.0,
            0.6545687055424275,
            0.7560025196548692,
            0.0,
            0.0,
            -0.7560025196548692,
            0.6545687055424275,
            0.0,
            0.0,
            -3.2728435277121375,
            -3.7800125982743458,
            1.0
        ],
        [
            1.0,
            0.0,
            0.0,
            0.0,
            0.0,
            0.6929953321467345,
            0.7209420709202905,
            0.0,
            0.0,
            -0.7209420709202905,
            0.6929953321467345,
            0.0,
            0.0,
            -3.4649766607336723,
            -3.6047103546014525,
            1.0
        ],
        [
            1.0,
            0.0,
            0.0,
            0.0,
            0.0,
            0.7343696106395308,
            0.6787497881908648,
            0.0,
            0.0,
            -0.6787497881908648,
            0.7343696106395308,
            0.0,
            0.0,
            -3.671848053197654,
            -3.3937489409543242,
            1.0
        ],
        [
            1.0,
            0.0,
            0.0,
            0.0,
            0.0,
            0.7774023980946667,
            0.629003586187441,
            0.0,
            0.0,
            -0.629003586187441,
            0.7774023980946667,
            0.0,
            0.0,
            -3.887011990473334,
            -3.145017930937205,
            1.0
        ],
        [
            1.0,
            0.0,
            0.0,
            0.0,
            0.0,
            0.8207037182682969,
            0.57135401181806,
            0.0,
            0.0,
            -0.57135401181806,
            0.8207037182682969,
            0.0,
            0.0,
            -4.1035185913414844,
            -2.8567700590903,
            1.0
        ],
        [
            1.0,
            0.0,
            0.0,
            0.0,
            0.0,
            0.8627835463616754,
            0.5055734883551259,
            0.0,
            0.0,
            -0.5055734883551259,
            0.8627835463616754,
            0.0,
            0.0,
            -4.3139177318083775,
            -2.52786744177563,
            1.0
        ],
        [
            1.0,
            0.0,
            0.0,
            0.0,
            0.0,
            0.9020506883747281,
            0.43163011433712445,
            0.0,
            0.0,
            -0.43163011433712445,
            0.9020506883747281,
            0.0,
            0.0,
            -4.51025344187364,
            -2.1581505716856224,
            1.0
        ],
        [
            1.0,
            0.0,
            0.0,
            0.0,
            0.0,
            0.9368269904106988,
            0.3497930674527904,
            0.0,
            0.0,
            -0.3497930674527904,
            0.9368269904106988,
            0.0,
            0.0,
            -4.684134952053494,
            -1.748965337263952,
            1.0
        ],
        [
            1.0,
            0.0,
            0.0,
            0.0,
            0.0,
            0.9654031389939014,
            0.26076192057262115,
            0.0,
            0.0,
            -0.26076192057262115,
            0.9654031389939014,
            0.0,
            0.0,
            -4.827015694969507,
            -1.3038096028631059,
            1.0
        ],
        [
            1.0,
            0.0,
            0.0,
            0.0,
            0.0,
            0.9861621941421009,
            0.16578337324604417,
            0.0,
            0.0,
            -0.16578337324604417,
            0.9861621941421009,
            0.0,
            0.0,
            -4.930810970710505,
            -0.8289168662302209,
            1.0
        ],
        [
            1.0,
            0.0,
            0.0,
            0.0,
            0.0,
            0.9977740157043063,
            0.06668593243932788,
            0.0,
            0.0,
            -0.06668593243932788,
            0.9977740157043063,
            0.0,
            0.0,
            -4.988870078521532,
            -0.3334296621966394,
            1.0
        ],
        [
            1.0,
            0.0,
            0.0,
            0.0,
            0.0,
            0.999413661731387,
            -0.03423934498001841,
            0.0,
            0.0,
            0.03423934498001841,
            0.999413661731387,
            0.0,
            0.0,
            -4.997068308656935,
            0.17119672490009205,
            1.0
        ],
        [
            1.0,
            0.0,
            0.0,
            0.0,
            0.0,
            0.9909110325858022,
            -0.13451886670552682,
            0.0,
            0.0,
            0.13451886670552682,
            0.9909110325858022,
            0.0,
            0.0,
            -4.954555162929011,
            0.6725943335276341,
            1.0
        ],
        [
            1.0,
            0.0,
            0.0,
            0.0,
            0.0,
            0.9727542257031433,
            -0.23183877237571424,
            0.0,
            0.0,
            0.23183877237571424,
            0.9727542257031433,
            0.0,
            0.0,
            -4.863771128515716,
            1.159193861878571,
            1.0
        ],
        [
            1.0,
            0.0,
            0.0,
            0.0,
            0.0,
            0.9459524347851109,
            -0.32430539792627644,
            0.0,
            0.0,
            0.32430539792627644,
            0.9459524347851109,
            0.0,
            0.0,
            -4.729762173925555,
            1.6215269896313822,
            1.0
        ],
        [
            1.0,
            0.0,
            0.0,
            0.0,
            0.0,
            0.9118404511840396,
            -0.410544749795302,
            0.0,
            0.0,
            0.410544749795302,
            0.9118404511840396,
            0.0,
            0.0,
            -4.559202255920198,
            2.05272374897651,
            1.0
        ],
        [
            1.0,
            0.0,
            0.0,
            0.0,
            0.0,
            0.8719109620893317,
            -0.48966445060720515,
            0.0,
            0.0,
            0.48966445060720515,
            0.8719109620893317,
            0.0,
            0.0,
            -4.359554810446658,
            2.4483222530360256,
            1.0
        ],
        [
            1.0,
            0.0,
            0.0,
            0.0,
            0.0,
            0.8277128171866068,
            -0.5611519333166471,
            0.0,
            0.0,
            0.5611519333166471,
            0.8277128171866068,
            0.0,
            0.0,
            -4.138564085933034,
            2.805759666583236,
            1.0
        ],
        [
            1.0,
            0.0,
            0.0,
            0.0,
            0.0,
            0.7808075421291039,
            -0.6247716239989678,
            0.0,
            0.0,
            0.6247716239989678,
            0.7808075421291039,
            0.0,
            0.0,
            -3.904037710645519,
            3.123858119994839,
            1.0
        ],
        [
            1.0,
            0.0,
            0.0,
            0.0,
            0.0,
            0.7327568669963703,
            -0.6804905391478001,
            0.0,
            0.0,
            0.6804905391478001,
            0.7327568669963703,
            0.0,
            0.0,
            -3.6637843349818517,
            3.4024526957390004,
            1.0
        ],
        [
            1.0,
            0.0,
            0.0,
            0.0,
            0.0,
            0.685114877715211,
            -0.7284350378264842,
            0.0,
            0.0,
            0.7284350378264842,
            0.685114877715211,
            0.0,
            0.0,
            -3.425574388576055,
            3.642175189132421,
            1.0
        ],
        [
            1.0,
            0.0,
            0.0,
            0.0,
            0.0,
            0.6394082059866841,
            -0.7688674437878679,
            0.0,
            0.0,
            0.7688674437878679,
            0.6394082059866841,
            0.0,
            0.0,
            -3.1970410299334207,
            3.8443372189393394,
            1.0
        ],
        [
            1.0,
            0.0,
            0.0,
            0.0,
            0.0,
            0.5970992234880594,
            -0.8021673873388,
            0.0,
            0.0,
            0.8021673873388,
            0.5970992234880594,
            0.0,
            0.0,
            -2.985496117440297,
            4.010836936694,
            1.0
        ],
        [
            1.0,
            0.0,
            0.0,
            0.0,
            0.0,
            0.5595370941535082,
            -0.8288053090239276,
            0.0,
            0.0,
            0.8288053090239276,
            0.5595370941535082,
            0.0,
            0.0,
            -2.797685470767541,
            4.144026545119638,
            1.0
        ],
        [
            1.0,
            0.0,
            0.0,
            0.0,
            0.0,
            0.5279071909197707,
            -0.8493020650953327,
            0.0,
            0.0,
            0.8493020650953327,
            0.5279071909197707,
            0.0,
            0.0,
            -2.6395359545988533,
            4.246510325476663,
            1.0
        ],
        [
            1.0,
            0.0,
            0.0,
            0.0,
            0.0,
            0.5031894863950616,
            -0.8641761051900673,
            0.0,
            0.0,
            0.8641761051900673,
            0.5031894863950616,
            0.0,
            0.0,
            -2.5159474319753077,
            4.3208805259503364,
            1.0
        ],
        [
            1.0,
            0.0,
            0.0,
            0.0,
            0.0,
            0.4861319386607493,
            -0.8738854262510284,
            0.0,
            0.0,
            0.8738854262510284,
            0.4861319386607493,
            0.0,
            0.0,
            -2.4306596933037463,
            4.369427131255142,
            1.0
        ],
        [
            1.0,
            0.0,
            0.0,
            0.0,
            0.0,
            0.4772386329611894,
            -0.8787737406234526,
            0.0,
            0.0,
            0.8787737406234526,
            0.4772386329611894,
            0.0,
            0.0,
            -2.386193164805947,
            4.393868703117263,
            1.0
        ],
        [
            1.0,
            0.0,
            0.0,
            0.0,
            0.0,
