{
    "4584884816": [
        [
            1.0,
            0.0,
            0.0,
            0.0,
            0.0,
            0.7071067811865476,
            0.7071067811865475,
            0.0,
            0.0,
            -0.7071067811865475,
            0.7071067811865476,
            0.0,
            0.0,
            -3.5355339059327378,
            -3.5355339059327373,
            1.0
        ],
        [
            1.0,
            0.0,
            0.0,
            0.0,
            0.0,
            0.7092041109715415,
            0.7050032120359917,
            0.0,
            0.0,
            -0.7050032120359917,
            0.7092041109715415,
            0.0,
            0.0,
            -3.5460205548577073,
            -3.5250160601799587,
            1.0
        ],
        [
            1.0,
            0.0,
            0.0,
            0.0,
            0.0,
            0.7154255336454376,
            0.6986889907592225,
            0.0,
            0.0,
            -0.6986889907592225,
            0.7154255336454376,
            0.0,
            0.0,
            -3.577127668227188,
            -3.4934449537961125,
            1.0
        ],
        [
            1.0,
            0.0,
            0.0,
            0.0,
            0.0,
            0.7255641721280166,
            0.6881545118098011,
            0.0,
            0.0,
            -0.6881545118098011,
            0.7255641721280166,
            0.0,
            0.0,
            -3.627820860640083,
            -3.4407725590490057,
            1.0
        ],
        [
            1.0,
            0.0,
            0.0,
            0.0,
            0.0,
            0.7392910613665233,
            0.673386016029112,
            0.0,
            0.0,
            -0.673386016029112,
            0.7392910613665233,
            0.0,
            0.0,
            -3.6964553068326165,
            -3.36693008014556,
            1.0
        ],
        [
            1.0,
            0.0,
            0.0,
            0.0,
            0.0,
            0.7561777103884094,
            0.6543663120238868,
            0.0,
            0.0,
            -0.6543663120238868,
            0.7561777103884094,
            0.0,
            0.0,
            -3.780888551942047,
            -3.271831560119434,
            1.0
        ],
        [
            1.0,
            0.0,
            0.0,
            0.0,
            0.0,
            0.7757247809401177,
            0.6310713622367968,
            0.0,
            0.0,
            -0.6310713622367968,
            0.7757247809401177,
            0.0,
            0.0,
            -3.8786239047005884,
            -3.1553568111839843,
            1.0
        ],
        [
            1.0,
            0.0,
            0.0,
            0.0,
            0.0,
            0.7973927433854124,
            0.6034606969772643,
            0.0,
            0.0,
            -0.6034606969772643,
            0.7973927433854124,
            0.0,
            0.0,
            -3.986963716927062,
            -3.017303484886322,
            1.0
        ],
        [
            1.0,
            0.0,
            0.0,
            0.0,
            0.0,
            0.8206286233173562,
            0.5714618645126381,
            0.0,
            0.0,
            -0.5714618645126381,
            0.8206286233173562,
            0.0,
            0.0,
            -4.103143116586781,
            -2.8573093225631907,
            1.0
        ],
        [
            1.0,
            0.0,
            0.0,
            0.0,
            0.0,
            0.8448818975228501,
            0.5349528757172806,
            0.0,
            0.0,
            -0.5349528757172806,
            0.8448818975228501,
            0.0,
            0.0,
            -4.224409487614251,
            -2.674764378586403,
            1.0
        ],
        [
            1.0,
            0.0,
            0.0,
            0.0,
            0.0,
            0.869603576248984,
            0.4937505647338315,
            0.0,
            0.0,
            -0.4937505647338315,
            0.869603576248984,
            0.0,
            0.0,
            -4.34801788124492,
            -2.4687528236691576,
            1.0
        ],
        [
            1.0,
            0.0,
            0.0,
            0.0,
            0.0,
            0.8942260894685269,
            0.4476155726891394,
            0.0,
            0.0,
            -0.4476155726891394,
            0.8942260894685269,
            0.0,
            0.0,
            -4.4711304473426345,
            -2.238077863445697,
            1.0
        ],
        [
            1.0,
            0.0,
            0.0,
            0.0,
            0.0,
            0.9181274482855182,
            0.3962852365465096,
            0.0,
            0.0,
            -0.3962852365465096,
            0.9181274482855182,
            0.0,
            0.0,
            -4.590637241427591,
            -1.9814261827325481,
            1.0
        ],
        [
            1.0,
            0.0,
            0.0,
            0.0,
            0.0,
            0.940590355755213,
            0.3395434915593022,
            0.0,
            0.0,
            -0.3395434915593022,
            0.940590355755213,
            0.0,
            0.0,
            -4.702951778776065,
            -1.6977174577965108,
            1.0
        ],
        [
            1.0,
            0.0,
            0.0,
            0.0,
            0.0,
            0.9607742439637836,
            0.27733166450266733,
            0.0,
            0.0,
            -0.27733166450266733,
            0.9607742439637836,
            0.0,
            0.0,
            -4.803871219818918,
            -1.3866583225133366,
            1.0
        ],
        [
            1.0,
            0.0,
            0.0,
            0.0,
            0.0,
            0.9777246179754971,
            0.20989180880793848,
            0.0,
            0.0,
            -0.20989180880793848,
            0.9777246179754971,
            0.0,
            0.0,
            -4.888623089877486,
            -1.0494590440396925,
            1.0
        ],
        [
            1.0,
            0.0,
            0.0,
            0.0,
            0.0,
            0.990444775508842,
            0.137909922294371,
            0.0,
            0.0,
            -0.137909922294371,
            0.990444775508842,
            0.0,
            0.0,
            -4.95222387754421,
            -0.6895496114718549,
            1.0
        ],
        [
            1.0,
            0.0,
            0.0,
            0.0,
            0.0,
            0.9980391513959829,
            0.06259274942664152,
            0.0,
            0.0,
            -0.06259274942664152,
            0.9980391513959829,
            0.0,
            0.0,
            -4.990195756979914,
            -0.31296374713320757,
            1.0
        ],
        [
            1.0,
            0.0,
            0.0,
            0.0,
            0.0,
            0.9998962864634883,
            -0.014401955302170569,
            0.0,
            0.0,
            0.014401955302170569,
            0.9998962864634883,
            0.0,
            0.0,
            -4.999481432317442,
            0.07200977651085284,
            1.0
        ],
        [
            1.0,
            0.0,
            0.0,
            0.0,
            0.0,
            0.9958318050261975,
            -0.09120864048030405,
            0.0,
            0.0,
            0.09120864048030405,
            0.9958318050261975,
            0.0,
            0.0,
            -4.979159025130987,
            0.4560432024015203,
            1.0
        ],
        [
            1.0,
            0.0,
            0.0,
            0.0,
            0.0,
            0.9861114340061957,
            -0.16608503762303295,
            0.0,
            0.0,
            0.16608503762303295,
            0.9861114340061957,
            0.0,
            0.0,
            -4.930557170030979,
            0.8304251881151647,
            1.0
        ],
        [
            1.0,
            0.0,
            0.0,
            0.0,
            0.0,
            0.9713444706394744,
            -0.23767608074461194,
            0.0,
            0.0,
            0.23767608074461194,
            0.9713444706394744,
            0.0,
            0.0,
            -4.856722353197372,
            1.1883804037230596,
            1.0
        ],
        [
            1.0,
            0.0,
            0.0,
            0.0,
            0.0,
            0.9523169976056516,
            -0.3051103670335662,
            0.0,
            0.0,
            0.3051103670335662,
            0.9523169976056516,
            0.0,
            0.0,
            -4.7615849880282575,
            1.525551835167831,
            1.0
        ],
        [
            1.0,
            0.0,
            0.0,
            0.0,
            0.0,
            0.929848412368958,
            -0.3679428352542394,
            0.0,
            0.0,
            0.3679428352542394,
            0.929848412368958,
            0.0,
            0.0,
            -4.64924206184479,
            1.8397141762711968,
            1.0
        ],
        [
            1.0,
            0.0,
            0.0,
            0.0,
            0.0,
            0.9047130144530413,
            -0.4260215504869338,
            0.0,
            0.0,
            0.4260215504869338,
            0.9047130144530413,
            0.0,
            0.0,
            -4.523565072265207,
            2.130107752434669,
            1.0
        ],
        [
            1.0,
            0.0,
            0.0,
            0.0,
            0.0,
            0.8776237454908609,
            -0.4793501448321391,
            0.0,
            0.0,
            0.4793501448321391,
            0.8776237454908609,
            0.0,
            0.0,
            -4.388118727454304,
            2.396750724160696,
            1.0
        ],
        [
            1.0,
            0.0,
            0.0,
            0.0,
            0.0,
            0.8492543508349901,
            -0.5279839463353403,
            0.0,
            0.0,
            0.5279839463353403,
            0.8492543508349901,
            0.0,
            0.0,
            -4.24627175417495,
            2.6399197316767014,
            1.0
        ],
        [
            1.0,
            0.0,
            0.0,
            0.0,
            0.0,
            0.820274569491422,
            -0.5719699560690775,
            0.0,
            0.0,
            0.5719699560690775,
            0.820274569491422,
            0.0,
            0.0,
            -4.10137284745711,
            2.8598497803453875,
            1.0
        ],
        [
            1.0,
            0.0,
            0.0,
            0.0,
            0.0,
            0.7913794606572079,
            -0.6113252401544589,
            0.0,
            0.0,
            0.6113252401544589,
            0.7913794606572079,
            0.0,
            0.0,
            -3.9568973032860395,
            3.0566262007722944,
            1.0
        ],
        [
            1.0,
            0.0,
            0.0,
            0.0,
            0.0,
            0.7633023651101303,
            -0.6460414068906739,
            0.0,
            0.0,
            0.6460414068906739,
            0.7633023651101303,
            0.0,
            0.0,
            -3.816511825550651,
            3.2302070344533695,
            1.0
        ],
        [
            1.0,
            0.0,
            0.0,
            0.0,
            0.0,
            0.7368086358637167,
            -0.6761013489978029,
            0.0,
            0.0,
            0.6761013489978029,
            0.7368086358637167,
            0.0,
            0.0,
            -3.6840431793185835,
            3.380506744989015,
            1.0
        ],
        [
            1.0,
            0.0,
            0.0,
            0.0,
            0.0,
            0.7126728646600388,
            -0.7014965345440091,
            0.0,
            0.0,
            0.7014965345440091,
            0.7126728646600388,
            0.0,
            0.0,
            -3.5633643233001937,
            3.5074826727200454,
            1.0
        ],
        [
            1.0,
            0.0,
            0.0,
            0.0,
            0.0,
            0.6916452946031724,
            -0.7222373477280795,
            0.0,
            0.0,
            0.7222373477280795,
            0.6916452946031724,
            0.0,
            0.0,
            -3.458226473015862,
            3.6111867386403973,
            1.0
        ],
        [
            1.0,
            0.0,
            0.0,
            0.0,
            0.0,
            0.6744137345943362,
            -0.7383536514371147,
            0.0,
            0.0,
            0.7383536514371147,
            0.6744137345943362,
            0.0,
            0.0,
            -3.3720686729716807,
            3.691768257185574,
            1.0
        ],
        [
            1.0,
            0.0,
            0.0,
            0.0,
            0.0,
            0.6615664669146974,
            -0.749886531319242,
            0.0,
            0.0,
            0.749886531319242,
            0.6615664669146974,
            0.0,
            0.0,
            -3.3078323345734875,
            3.74943265659621,
            1.0
        ],
        [
            1.0,
            0.0,
            0.0,
            0.0,
            0.0,
            0.6535602765830696,
            -0.7568744710139599,
            0.0,
            0.0,
            0.7568744710139599,
            0.6535602765830696,
            0.0,
            0.0,
            -3.267801382915348,
            3.7843723550697996,
            1.0
        ],
        [
            1.0,
            0.0,
            0.0,
            0.0,
            0.0,
            0.6506964612173688,
            -0.7593379454229805,
            0.0,
            0.0,
            0.7593379454229805,
            0.6506964612173688,
            0.0,
            0.0,
            -3.253482306086844,
            3.7966897271149023,
            1.0
        ],
        [
            1.0,
            0.0,
            0.0,
            0.0,
            0.0,
            0.6531066468871926,
            -0.7572659425801268,
            0.0,
            0.0,
            0.7572659425801268,
            0.6531066468871926,
            0.0,
            0.0,
            -3.2655332344359627,
            3.786329712900634,
            1.0
        ],
        [
            1.0,
            0.0,
            0.0,
            0.0,
            0.0,
            0.6607493610584974,
            -0.750606609257331,
            0.0,
            0.0,
            0.750606609257331,
            0.6607493610584974,
            0.0,
            0.0,
            -3.3037468052924868,
            3.7530330462866552,
            1.0
        ],
        [
            1.0,
            0.0,
            0.0,
            0.0,
            0.0,
            0.6734173261060775,
            -0.7392625412532011,
            0.0,
            0.0,
            0.7392625412532011,
            0.6734173261060775,
            0.0,
            0.0,
            -3.3670866305303875,
            3.6963127062660055,
            1.0
        ],
        [
            1.0,
            0.0,
            0.0,
            0.0,
            0.0,
            0.690754170864376,
            -0.7230896731619589,
            0.0,
            0.0,
            0.7230896731619589,
            0.690754170864376,
            0.0,
            0.0,
            -3.45377085432188,
            3.6154483658097947,
            1.0
        ],
        [
            1.0,
            0.0,
            0.0,
            0.0,
            0.0,
            0.7122776183467932,
            -0.7018978518290393,
            0.0,
            0.0,
            0.7018978518290393,
            0.7122776183467932,
            0.0,
            0.0,
            -3.5613880917339658,
            3.5094892591451963,
            1.0
        ],
        [
            1.0,
            0.0,
            0.0,
            0.0,
            0.0,
            0.737404488664674,
            -0.6754514194945411,
            0.0,
            0.0,
            0.6754514194945411,
            0.737404488664674,
            0.0,
            0.0,
            -3.68702244332337,
            3.3772570974727056,
            1.0
        ],
        [
            1.0,
            0.0,
            0.0,
            0.0,
            0.0,
            0.7654716422563805,
            -0.6434696301313061,
            0.0,
            0.0,
            0.6434696301313061,
            0.7654716422563805,
            0.0,
            0.0,
            -3.8273582112819025,
            3.2173481506565302,
            1.0
        ],
        [
            1.0,
            0.0,
            0.0,
            0.0,
            0.0,
            0.7957469705991123,
            -0.6056292255021511,
            0.0,
            0.0,
            0.6056292255021511,
            0.7957469705991123,
            0.0,
            0.0,
            -3.9787348529955615,
            3.0281461275107557,
            1.0
        ],
        [
            1.0,
            0.0,
            0.0,
            0.0,
            0.0,
            0.8274262857342611,
            -0.5615743420741415,
            0.0,
            0.0,
            0.5615743420741415,
            0.8274262857342611,
            0.0,
            0.0,
            -4.137131428671306,
            2.8078717103707076,
            1.0
        ],
        [
            1.0,
            0.0,
            0.0,
            0.0,
            0.0,
            0.8596154095082933,
            -0.5109416285016217,
            0.0,
            0.0,
            0.5109416285016217,
            0.8596154095082933,
            0.0,
            0.0,
            -4.298077047541467,
            2.5547081425081086,
            1.0
        ],
        [
            1.0,
            0.0,
            0.0,
            0.0,
            0.0,
            0.8913018898668384,
            -0.45341034518392076,
            0.0,
            0.0,
            0.45341034518392076,
            0.8913018898668384,
            0.0,
            0.0,
            -4.456509449334193,
            2.267051725919604,
            1.0
        ],
        [
            1.0,
            0.0,
            0.0,
            0.0,
            0.0,
            0.9213275527964788,
            -0.38878726889913906,
            0.0,
            0.0,
            0.38878726889913906,
            0.9213275527964788,
            0.0,
            0.0,
            -4.606637763982394,
            1.9439363444956954,
            1.0
        ],
        [
            1.0,
            0.0,
            0.0,
            0.0,
            0.0,
            0.9483816541944462,
            -0.31713126302432854,
            0.0,
            0.0,
            0.31713126302432854,
            0.9483816541944462,
            0.0,
            0.0,
            -4.741908270972231,
            1.5856563151216427,
            1.0
        ],
        [
            1.0,
            0.0,
            0.0,
            0.0,
            0.0,
            0.9710426660287125,
            -0.2389061337677424,
            0.0,
            0.0,
            0.2389061337677424,
            0.9710426660287125,
            0.0,
            0.0,
            -4.855213330143562,
            1.1945306688387118,
            1.0
        ],
        [
            1.0,
            0.0,
            0.0,
            0.0,
            0.0,
            0.9878959563719504,
            -0.15511795313228396,
            0.0,
            0.0,
            0.15511795313228396,
            0.9878959563719504,
            0.0,
            0.0,
            -4.939479781859752,
            0.7755897656614198,
            1.0
        ],
        [
            1.0,
            0.0,
            0.0,
            0.0,
            0.0,
            0.9977290172805593,
            -0.06735583179183129,
            0.0,
            0.0,
            0.06735583179183129,
            0.9977290172805593,
            0.0,
            0.0,
            -4.988645086402796,
            0.33677915895915644,
            1.0
        ],
        [
            1.0,
            0.0,
            0.0,
            0.0,
            0.0,
            0.9997503755289908,
            0.02234248485826772,
            0.0,
            0.0,
            -0.02234248485826772,
            0.9997503755289908,
            0.0,
            0.0,
            -4.998751877644954,
            -0.1117124242913386,
            1.0
        ],
        [
            1.0,
            0.0,
            0.0,
            0.0,
            0.0,
            0.9937313309135919,
            0.1117946419140974,
            0.0,
            0.0,
            -0.1117946419140974,
            0.9937313309135919,
            0.0,
            0.0,
            -4.968656654567959,
            -0.558973209570487,
            1.0
        ],
        [
            1.0,
            0.0,
            0.0,
            0.0,
            0.0,
            0.9799952087767342,
            0.19902108123172585,
            0.0,
            0.0,
            -0.19902108123172585,
            0.9799952087767342,
            0.0,
            0.0,
            -4.899976043883671,
            -0.9951054061586293,
            1.0
        ],
        [
            1.0,
            0.0,
            0.0,
            0.0,
            0.0,
            0.9592739337388116,
            0.2824774682151941,
            0.0,
            0.0,
            -0.2824774682151941,
            0.9592739337388116,
            0.0,
            0.0,
            -4.796369668694059,
            -1.4123873410759704,
            1.0
        ],
        [
            1.0,
            0.0,
            0.0,
            0.0,
            0.0,
            0.9325243305025547,
            0.36110714894718177,
            0.0,
            0.0,
            -0.36110714894718177,
            0.9325243305025547,
            0.0,
            0.0,
            -4.662621652512773,
            -1.8055357447359088,
            1.0
        ],
        [
            1.0,
            0.0,
            0.0,
            0.0,
            0.0,
            0.9007873819326975,
            0.43426039717067993,
            0.0,
            0.0,
            -0.43426039717067993,
            0.9007873819326975,
            0.0,
            0.0,
            -4.503936909663487,
            -2.1713019858533995,
            1.0
        ],
        [
            1.0,
            0.0,
            0.0,
            0.0,
            0.0,
            0.8651193860008017,
            0.5015659956233036,
            0.0,
            0.0,
            -0.5015659956233036,
            0.8651193860008017,
            0.0,
            0.0,
            -4.325596930004009,
            -2.507829978116518,
            1.0
        ],
        [
            1.0,
            0.0,
            0.0,
            0.0,
            0.0,
            0.8265814357145619,
            0.5628171373830523,
            0.0,
            0.0,
            -0.5628171373830523,
            0.8265814357145619,
            0.0,
            0.0,
            -4.132907178572809,
            -2.8140856869152615,
            1.0
        ],
        [
            1.0,
            0.0,
            0.0,
            0.0,
            0.0,
            0.7862589202404173,
            0.6178971680970653,
            0.0,
            0.0,
            -0.6178971680970653,
            0.7862589202404173,
            0.0,
            0.0,
            -3.9312946012020866,
            -3.0894858404853265,
            1.0
        ],
        [
            1.0,
            0.0,
            0.0,
            0.0,
            0.0,
            0.7452853172461884,
            0.6667456755744638,
            0.0,
            0.0,
            -0.6667456755744638,
            0.7452853172461884,
            0.0,
            0.0,
            -3.726426586230942,
            -3.333728377872319,
            1.0
        ],
        [
            1.0,
            0.0,
            0.0,
            0.0,
            0.0,
            0.7048526092389203,
            0.7093537899025323,
            0.0,
            0.0,
            -0.7093537899025323,
            0.7048526092389203,
            0.0,
            0.0,
            -3.524263046194602,
            -3.5467689495126615,
            1.0
        ],
        [
            1.0,
            0.0,
            0.0,
            0.0,
            0.0,
            0.6661990898635147,
            0.7457739420662434,
            0.0,
            0.0,
            -0.7457739420662434,
            0.6661990898635147,
            0.0,
            0.0,
            -3.3309954493175735,
            -3.728869710331217,
            1.0
        ],
        [
            1.0,
            0.0,
            0.0,
            0.0,
            0.0,
            0.6305730131674,
            0.7761299343956436,
            0.0,
            0.0,
            -0.7761299343956436,
            0.6305730131674,
            0.0,
            0.0,
            -3.152865065837,
            -3.880649671978218,
            1.0
        ],
        [
            1.0,
            0.0,
            0.0,
            0.0,
            0.0,
            0.5991773020758417,
            0.8006163629836174,
            0.0,
            0.0,
            -0.8006163629836174,
            0.5991773020758417,
            0.0,
            0.0,
            -2.9958865103792087,
            -4.003081814918087,
            1.0
        ],
        [
            1.0,
            0.0,
            0.0,
            0.0,
            0.0,
            0.5731056715618131,
            0.819481475827052,
            0.0,
            0.0,
            -0.819481475827052,
            0.5731056715618131,
            0.0,
            0.0,
            -2.865528357809066,
            -4.09740737913526,
            1.0
        ],
        [
            1.0,
            0.0,
            0.0,
            0.0,
            0.0,
            0.5532824269129186,
            0.8329937311104754,
            0.0,
            0.0,
            -0.8329937311104754,
            0.5532824269129186,
            0.0,
            0.0,
            -2.766412134564593,
            -4.164968655552377,
            1.0
        ],
        [
            1.0,
            0.0,
            0.0,
            0.0,
            0.0,
            0.5404159531546635,
            0.8413980018849204,
            0.0,
            0.0,
            -0.8413980018849204,
            0.5404159531546635,
            0.0,
            0.0,
            -2.7020797657733175,
            -4.206990009424602,
            1.0
        ],
        [
            1.0,
            0.0,
            0.0,
            0.0,
            0.0,
            0.5349705276272493,
            0.8448707206254827,
            0.0,
            0.0,
            -0.8448707206254827,
            0.5349705276272493,
            0.0,
            0.0,
            -2.6748526381362465,
            -4.224353603127414,
            1.0
        ],
        [
            1.0,
            0.0,
            0.0,
            0.0,
            0.0,
            0.5371553953318368,
            0.8434833023041406,
            0.0,
            0.0,
            -0.8434833023041406,
            0.5371553953318368,
            0.0,
            0.0,
            -2.685776976659184,
            -4.217416511520703,
            1.0
        ],
        [
            1.0,
            0.0,
            0.0,
            0.0,
            0.0,
            0.5469266868240634,
            0.8371805057690085,
            0.0,
            0.0,
            -0.8371805057690085,
            0.5469266868240634,
            0.0,
            0.0,
            -2.734633434120317,
            -4.185902528845043,
            1.0
        ],
        [
            1.0,
            0.0,
            0.0,
            0.0,
            0.0,
            0.5639975538440338,
            0.825776458406236,
            0.0,
            0.0,
            -0.825776458406236,
            0.5639975538440338,
            0.0,
            0.0,
            -2.819987769220169,
            -4.1288822920311805,
            1.0
        ],
        [
            1.0,
            0.0,
            0.0,
            0.0,
            0.0,
            0.5878536583529494,
            0.808967290043951,
            0.0,
            0.0,
            -0.808967290043951,
            0.5878536583529494,
            0.0,
            0.0,
            -2.9392682917647472,
            -4.044836450219755,
            1.0
        ],
        [
            1.0,
            0.0,
            0.0,
            0.0,
            0.0,
            0.6177729906526239,
            0.7863564916881611,
            0.0,
            0.0,
            -0.7863564916881611,
            0.6177729906526239,
            0.0,
            0.0,
            -3.0888649532631196,
            -3.9317824584408054,
            1.0
        ],
        [
            1.0,
            0.0,
            0.0,
            0.0,
            0.0,
            0.6528495056069574,
            0.7574876388620155,
            0.0,
            0.0,
            -0.7574876388620155,
            0.6528495056069574,
            0.0,
            0.0,
            -3.264247528034787,
            -3.7874381943100777,
            1.0
        ],
        [
            1.0,
            0.0,
            0.0,
            0.0,
            0.0,
            0.692018974788629,
            0.7218793102260896,
            0.0,
            0.0,
            -0.7218793102260896,
            0.692018974788629,
            0.0,
            0.0,
            -3.4600948739431447,
            -3.609396551130448,
            1.0
        ],
        [
            1.0,
            0.0,
            0.0,
            0.0,
            0.0,
            0.7340836321808708,
            0.6790590703054779,
            0.0,
            0.0,
            -0.6790590703054779,
            0.7340836321808708,
            0.0,
            0.0,
            -3.670418160904354,
            -3.3952953515273894,
            1.0
        ],
        [
            1.0,
            0.0,
            0.0,
            0.0,
            0.0,
            0.7777311138497887,
            0.6285971003353157,
            0.0,
            0.0,
            -0.6285971003353157,
            0.7777311138497887,
            0.0,
            0.0,
            -3.888655569248943,
            -3.1429855016765784,
            1.0
        ],
        [
            1.0,
            0.0,
            0.0,
            0.0,
            0.0,
            0.8215443205212225,
            0.5701446565735075,
            0.0,
            0.0,
            -0.5701446565735075,
            0.8215443205212225,
            0.0,
            0.0,
            -4.107721602606112,
            -2.8507232828675377,
            1.0
        ],
        [
            1.0,
            0.0,
            0.0,
            0.0,
            0.0,
            0.8640030352014783,
            0.5034865987915003,
            0.0,
            0.0,
            -0.5034865987915003,
            0.8640030352014783,
            0.0,
            0.0,
            -4.3200151760073915,
            -2.5174329939575015,
            1.0
        ],
        [
            1.0,
            0.0,
            0.0,
            0.0,
            0.0,
            0.9034855309591212,
            0.4286185895962922,
            0.0,
            0.0,
            -0.4286185895962922,
            0.9034855309591212,
            0.0,
            0.0,
            -4.517427654795606,
            -2.1430929479814607,
            1.0
        ],
        [
            1.0,
            0.0,
            0.0,
            0.0,
            0.0,
            0.9382880823267131,
            0.34585470152024717,
            0.0,
            0.0,
            -0.34585470152024717,
            0.9382880823267131,
            0.0,
            0.0,
            -4.6914404116335655,
            -1.7292735076012358,
            1.0
        ],
        [
            1.0,
            0.0,
            0.0,
            0.0,
            0.0,
            0.9666886516342,
            0.2559551734223246,
            0.0,
            0.0,
            -0.2559551734223246,
            0.9666886516342,
            0.0,
            0.0,
            -4.833443258171,
            -1.279775867111623,
            1.0
        ],
        [
            1.0,
            0.0,
            0.0,
            0.0,
            0.0,
            0.987078943258231,
            0.16023470215971944,
            0.0,
            0.0,
            -0.16023470215971944,
            0.987078943258231,
            0.0,
            0.0,
            -4.935394716291155,
            -0.8011735107985972,
            1.0
        ],
        [
            1.0,
            0.0,
            0.0,
            0.0,
            0.0,
            0.9981632752640937,
            0.060581151475166926,
            0.0,
            0.0,
            -0.060581151475166926,
            0.9981632752640937,
            0.0,
            0.0,
            -4.990816376320469,
            -0.30290575737583464,
            1.0
        ],
        [
            1.0,
            0.0,
            0.0,
            0.0,
            0.0,
            0.9991721718695027,
            -0.04068133431416704,
            0.0,
            0.0,
            0.04068133431416704,
            0.9991721718695027,
            0.0,
            0.0,
            -4.995860859347514,
            0.2034066715708352,
            1.0
        ],
        [
            1.0,
            0.0,
            0.0,
            0.0,
            0.0,
            0.9899981382598563,
            -0.1410804247300752,
            0.0,
            0.0,
            0.1410804247300752,
            0.9899981382598563,
            0.0,
            0.0,
            -4.9499906912992815,
            0.705402123650376,
            1.0
        ],
        [
            1.0,
            0.0,
            0.0,
            0.0,
            0.0,
            0.9711842168558752,
            -0.23833005880509567,
            0.0,
            0.0,
            0.23833005880509567,
            0.9711842168558752,
            0.0,
            0.0,
            -4.855921084279376,
            1.1916502940254783,
            1.0
        ],
        [
            1.0,
            0.0,
            0.0,
            0.0,
            0.0,
            0.9437802265996875,
            -0.33057356802902804,
            0.0,
            0.0,
            0.33057356802902804,
            0.9437802265996875,
            0.0,
            0.0,
            -4.718901132998438,
            1.6528678401451402,
            1.0
        ],
        [
            1.0,
            0.0,
            0.0,
            0.0,
            0.0,
            0.9091501186507294,
            -0.4164685603468342,
            0.0,
            0.0,
            0.4164685603468342,
            0.9091501186507294,
            0.0,
            0.0,
            -4.545750593253647,
            2.082342801734171,
            1.0
        ],
        [
            1.0,
            0.0,
            0.0,
            0.0,
            0.0,
            0.8688111654324642,
            -0.4951435739458641,
            0.0,
            0.0,
            0.4951435739458641,
            0.8688111654324642,
            0.0,
            0.0,
            -4.344055827162321,
            2.4757178697293205,
            1.0
        ],
        [
            1.0,
            0.0,
            0.0,
            0.0,
            0.0,
            0.8243374414351667,
            -0.5660987393097807,
            0.0,
            0.0,
            0.5660987393097807,
            0.8243374414351667,
            0.0,
            0.0,
            -4.1216872071758335,
            2.8304936965489036,
            1.0
        ],
        [
            1.0,
            0.0,
            0.0,
            0.0,
            0.0,
            0.7773174821918438,
            -0.6291085215437258,
            0.0,
            0.0,
            0.6291085215437258,
            0.7773174821918438,
            0.0,
            0.0,
            -3.886587410959219,
            3.145542607718629,
            1.0
        ],
        [
            1.0,
            0.0,
            0.0,
            0.0,
            0.0,
            0.7293392010680337,
            -0.6841522709057116,
            0.0,
            0.0,
            0.6841522709057116,
            0.7293392010680337,
            0.0,
            0.0,
            -3.6466960053401687,
            3.4207613545285582,
            1.0
        ],
        [
            1.0,
            0.0,
            0.0,
            0.0,
            0.0,
            0.6819772937183187,
            -0.7313733457357043,
            0.0,
            0.0,
            0.7313733457357043,
            0.6819772937183187,
            0.0,
            0.0,
            -3.4098864685915937,
            3.656866728678522,
            1.0
        ],
        [
            1.0,
            0.0,
            0.0,
            0.0,
            0.0,
            0.6367684671068131,
            -0.7710550689143023,
            0.0,
            0.0,
            0.7710550689143023,
            0.6367684671068131,
            0.0,
            0.0,
            -3.1838423355340657,
            3.8552753445715116,
            1.0
        ],
        [
            1.0,
            0.0,
            0.0,
            0.0,
            0.0,
            0.5951712815324215,
            -0.8035988711036466,
            0.0,
            0.0,
            0.8035988711036466,
            0.5951712815324215,
            0.0,
            0.0,
            -2.9758564076621075,
            4.017994355518233,
            1.0
        ],
        [
            1.0,
            0.0,
            0.0,
            0.0,
            0.0,
            0.5585166246333483,
            -0.8294933272836928,
            0.0,
            0.0,
            0.8294933272836928,
            0.5585166246333483,
            0.0,
            0.0,
            -2.7925831231667413,
            4.147466636418464,
            1.0
        ],
        [
            1.0,
            0.0,
            0.0,
            0.0,
            0.0,
            0.5279593925464715,
            -0.8492696155061482,
            0.0,
            0.0,
            0.8492696155061482,
            0.5279593925464715,
            0.0,
            0.0,
            -2.6397969627323574,
            4.246348077530741,
            1.0
        ],
        [
            1.0,
            0.0,
            0.0,
            0.0,
            0.0,
            0.5044409956225643,
            -0.863446166205697,
            0.0,
            0.0,
            0.863446166205697,
            0.5044409956225643,
            0.0,
            0.0,
            -2.5222049781128213,
            4.3172308310284855,
            1.0
        ],
        [
            1.0,
            0.0,
            0.0,
            0.0,
            0.0,
            0.4886671956343928,
            -0.8724702699294791,
            0.0,
            0.0,
            0.8724702699294791,
            0.4886671956343928,
            0.0,
            0.0,
            -2.443335978171964,
            4.362351349647396,
            1.0
        ],
        [
            1.0,
            0.0,
            0.0,
            0.0,
            0.0,
            0.48109976468742977,
            -0.8766658522023655,
            0.0,
            0.0,
            0.8766658522023655,
            0.48109976468742977,
            0.0,
            0.0,
            -2.405498823437149,
            4.383329261011827,
            1.0
        ],
        [
            1.0,
            0.0,
            0.0,
            0.0,
            0.0,
