{
    "4799775824": [
        [
            0.984807753012208,
            0.17101007166283433,
            0.030153689607045803,
            0.0,
            -0.17364817766693033,
            0.9698463103929541,
            0.17101007166283433,
            0.0,
            0.0,
            -0.17364817766693033,
            0.984807753012208,
            0.0,
            0.8682408883346516,
            -4.84923155196477,
            -0.8550503583141716,
            1.0
        ],
        [
            0.9846995197343431,
            0.17159626377284382,
            0.030357504741901107,
            0.0,
            -0.17426088440884815,
            0.9696424937732465,
            0.17154176877438845,
            0.0,
            0.0,
            -0.17420722295128954,
            0.9847090146188364,
            0.0,
            0.8713044220442407,
            -4.848212468866233,
            -0.8577088438719422,
            1.0
        ],
        [
            0.9843768028005971,
            0.17333056289948867,
            0.030964916809521868,
            0.0,
            -0.1760747287604732,
            0.969035059918998,
            0.17311482472541104,
            0.0,
            0.0,
            -0.17586235700891306,
            0.984414765933176,
            0.0,
            0.8803736438023659,
            -4.84517529959499,
            -0.8655741236270551,
            1.0
        ],
        [
            0.9838465729884087,
            0.1761373196282788,
            0.03196193756844632,
            0.0,
            -0.17901374477666152,
            0.9680379487499476,
            0.17566049345550047,
            0.0,
            0.0,
            -0.1785446006300924,
            0.9839318195819469,
            0.0,
            0.8950687238833076,
            -4.840189743749738,
            -0.8783024672775024,
            1.0
        ],
        [
            0.9831238230978774,
            0.17988160155094896,
            0.0333190318118519,
            0.0,
            -0.18294137983904452,
            0.9666806272989225,
            0.17905590285591846,
            0.0,
            0.0,
            -0.1821295534185139,
            0.9832745424201588,
            0.0,
            0.9147068991952225,
            -4.833403136494612,
            -0.8952795142795923,
            1.0
        ],
        [
            0.9822364721987572,
            0.18435770616087804,
            0.03498212202882344,
            0.0,
            -0.1876473092867045,
            0.9650171036848771,
            0.1831132898320357,
            0.0,
            0.0,
            -0.18642485288917515,
            0.9824692230422536,
            0.0,
            0.9382365464335225,
            -4.825085518424386,
            -0.9155664491601785,
            1.0
        ],
        [
            0.9812315832719193,
            0.18927711541229852,
            0.03686127467793243,
            0.0,
            -0.19283303656189868,
            0.9631372660230579,
            0.18756872555931822,
            0.0,
            0.0,
            -0.19115642908055386,
            0.9815595853646233,
            0.0,
            0.9641651828094934,
            -4.81568633011529,
            -0.937843627796591,
            1.0
        ],
        [
            0.9801815747006818,
            0.19426045213941626,
            0.03881954857905039,
            0.0,
            -0.1981011878240302,
            0.9611780624415931,
            0.19207459921533918,
            0.0,
            0.0,
            -0.19595818180319605,
            0.9806122531278025,
            0.0,
            0.990505939120151,
            -4.805890312207966,
            -0.9603729960766959,
            1.0
        ],
        [
            0.9791881025392188,
            0.19883891810517343,
            0.04066625741826376,
            0.0,
            -0.2029548221788395,
            0.9593302629626103,
            0.19620088358222232,
            0.0,
            0.0,
            -0.20037098395439706,
            0.9797200971650764,
            0.0,
            1.0147741108941974,
            -4.796651314813051,
            -0.9810044179111116,
            1.0
        ],
        [
            0.9783805811890832,
            0.20246967514300546,
            0.0421600403177878,
            0.0,
            -0.2068125681676809,
            0.9578353975033463,
            0.19944902340571785,
            0.0,
            0.0,
            -0.20385627764945596,
            0.9790008263852017,
            0.0,
            1.0340628408384045,
            -4.789176987516733,
            -0.9972451170285892,
            1.0
        ],
        [
            0.977906748574395,
            0.2045657393654002,
            0.04302614752150342,
            0.0,
            -0.20904160134445732,
            0.95696844917917,
            0.20127840466120353,
            0.0,
            0.0,
            -0.20582576503805683,
            0.9785886543622395,
            0.0,
            1.0452080067222866,
            -4.784842245895851,
            -1.0063920233060177,
            1.0
        ],
        [
            0.977914788194799,
            0.20453522358923212,
            0.04298847916854209,
            0.0,
            -0.20900398807181014,
            0.9570057571624762,
            0.20114003511970058,
            0.0,
            0.0,
            -0.20568257842894366,
            0.978618759748055,
            0.0,
            1.0450199403590508,
            -4.785028785812381,
            -1.005700175598503,
            1.0
        ],
        [
            0.97852965824214,
            0.20182047262031022,
            0.041811538740345294,
            0.0,
            -0.2061060599315818,
            0.9581829770797448,
            0.19850862574224978,
            0.0,
            0.0,
            -0.2028641892151298,
            0.9792068835205806,
            0.0,
            1.0305302996579089,
            -4.790914885398724,
            -0.992543128711249,
            1.0
        ],
        [
            0.9798286941890321,
            0.19592805071698843,
            0.039343728675069224,
            0.0,
            -0.19983926051658682,
            0.9606517037381405,
            0.19290560920095562,
            0.0,
            0.0,
            -0.19687687280950314,
            0.9804282212139503,
            0.0,
            0.9991963025829341,
            -4.803258518690702,
            -0.9645280460047782,
            1.0
        ],
        [
            0.981821750963997,
            0.18644567395979367,
            0.03555362141426961,
            0.0,
            -0.18980529321910622,
            0.9644431667959419,
            0.18391119782825638,
            0.0,
            0.0,
            -0.18731627981116128,
            0.9822996545442265,
            0.0,
            0.9490264660955311,
            -4.822215833979709,
            -0.9195559891412819,
            1.0
        ],
        [
            0.9844392476183607,
            0.17304856059918675,
            0.030554270129484876,
            0.0,
            -0.17572526212413497,
            0.9694439646211016,
            0.17116959926086273,
            0.0,
            0.0,
            -0.17387522863901536,
            0.9847676908112543,
            0.0,
            0.8786263106206749,
            -4.847219823105508,
            -0.8558479963043136,
            1.0
        ],
        [
            0.9875289300605303,
            0.15550157544088727,
            0.024614473971756434,
            0.0,
            -0.15743764573158553,
            0.9753849132098538,
            0.15439449079906287,
            0.0,
            0.0,
            -0.15634427113907368,
            0.9877026216842759,
            0.0,
            0.7871882286579277,
            -4.876924566049269,
            -0.7719724539953144,
            1.0
        ],
        [
            0.990860373118194,
            0.13366379555759966,
            0.01815793879297898,
            0.0,
            -0.13489151561189225,
            0.9818420212554931,
            0.13338112427496723,
            0.0,
            0.0,
            -0.13461142245019114,
            0.9908984634895425,
            0.0,
            0.6744575780594613,
            -4.909210106277466,
            -0.6669056213748361,
            1.0
        ],
        [
            0.9941356502793388,
            0.10749985895971526,
            0.011751134724679594,
            0.0,
            -0.10814022768459591,
            0.9882487255672461,
            0.10802845722788826,
            0.0,
            0.0,
            -0.10866571095959963,
            0.9940783486534875,
            0.0,
            0.5407011384229796,
            -4.941243627836231,
            -0.5401422861394413,
            1.0
        ],
        [
            0.9970048853377662,
            0.07709928963917964,
            0.006079321488581034,
            0.0,
            -0.07733859717261257,
            0.9939198697226233,
            0.07837112962013404,
            0.0,
            0.0,
            -0.07860656529640113,
            0.9969057166514307,
            0.0,
            0.3866929858630629,
            -4.969599348613117,
            -0.3918556481006702,
            1.0
        ],
        [
            0.9990860365982389,
            0.04270184485911933,
            0.0019089054586443413,
            0.0,
            -0.04274449057390131,
            0.9980892592922662,
            0.044617698405374884,
            0.0,
            0.0,
            -0.044658514653345055,
            0.9990023108426511,
            0.0,
            0.21372245286950656,
            -4.9904462964613305,
            -0.22308849202687442,
            1.0
        ],
        [
            0.9999888414176915,
            0.0047239694011628405,
            3.395879599480847e-05,
            0.0,
            -0.004724091457936459,
            0.9999630046165361,
            0.007188348778840474,
            0.0,
            0.0,
            -0.007188428991517044,
            0.9999741629105393,
            0.0,
            0.023620457289682296,
            -4.9998150230826806,
            -0.03594174389420237,
            1.0
        ],
        [
            0.9993430685387623,
            -0.03622121895525694,
            0.0012060932493027808,
            0.0,
            0.036241293623857834,
            0.9987895154253517,
            -0.03325766848202878,
            0.0,
            0.0,
            0.033279530852861255,
            0.9994460830010858,
            0.0,
            -0.18120646811928917,
            -4.993947577126757,
            0.1662883424101439,
            1.0
        ],
        [
            0.9968308450574369,
            -0.07931997594884697,
            0.006050434492716486,
            0.0,
            0.07955040126910935,
            0.9939434294937775,
            -0.07581683601992427,
            0.0,
            0.0,
            0.07605787521107028,
            0.9971034046769559,
            0.0,
            -0.39775200634554675,
            -4.969717147468887,
            0.37908418009962136,
            1.0
        ],
        [
            0.9922216489576471,
            -0.12357958718609531,
            0.014976146723440508,
            0.0,
            0.12448373122528,
            0.9850149940749175,
            -0.11937027313289693,
            0.0,
            0.0,
            0.12030605586795884,
            0.9927368497852266,
            0.0,
            -0.6224186561264,
            -4.925074970374587,
            0.5968513656644847,
            1.0
        ],
        [
            0.9854066913665862,
            -0.16788163374138332,
            0.02809643504577579,
            0.0,
            0.1702164874797899,
            0.97188990147594,
            -0.16265413243791307,
            0.0,
            0.0,
            0.1650629469669425,
            0.9862830341938303,
            0.0,
            -0.8510824373989495,
            -4.8594495073797,
            0.8132706621895653,
            1.0
        ],
        [
            0.9764275079753055,
            -0.21106481455119067,
            0.04517704868189389,
            0.0,
            0.2158455968259133,
            0.9548005329926057,
            -0.20436883453183718,
            0.0,
            0.0,
            0.20930261884531606,
            0.9778509159092159,
            0.0,
            -1.0792279841295667,
            -4.774002664963029,
            1.021844172659186,
            1.0
        ],
        [
            0.9654928012336231,
            -0.25202448627023394,
            0.065630092840679,
            0.0,
            0.26042974247587675,
            0.934331942715998,
            -0.24331085067151798,
            0.0,
            0.0,
            0.2520069029625456,
            0.9677254367118941,
            0.0,
            -1.3021487123793838,
            -4.67165971357999,
            1.21655425335759,
            1.0
        ],
        [
            0.9529789062142531,
            -0.28980748993240796,
            0.08855971482430965,
            0.0,
            0.30303663856155383,
            0.9113763473600095,
            -0.27849945989542146,
            0.0,
            0.0,
            0.2922409489647276,
            0.9563447222357613,
            0.0,
            -1.5151831928077693,
            -4.556881736800047,
            1.3924972994771072,
            1.0
        ],
        [
            0.9394124876321627,
            -0.3236800294353943,
            0.11285130316240997,
            0.0,
            0.34278882432301067,
            0.8870448511536958,
            -0.3092689023503104,
            0.0,
            0.0,
            0.3292152344385357,
            0.9442549070105911,
            0.0,
            -1.7139441216150533,
            -4.435224255768479,
            1.5463445117515522,
            1.0
        ],
        [
            0.9254376548877508,
            -0.3531548879503066,
            0.1372835461104741,
            0.0,
            0.3788999167535674,
            0.8625571473256363,
            -0.3353058613886734,
            0.0,
            0.0,
            0.3623213942265443,
            0.9320532212731916,
            0.0,
            -1.894499583767837,
            -4.312785736628181,
            1.676529306943367,
            1.0
        ],
        [
            0.9117718757803149,
            -0.377977664848061,
            0.1606391341238271,
            0.0,
            0.4106970252339868,
            0.8391329454729645,
            -0.3566284527148963,
            0.0,
            0.0,
            0.3911378078093115,
            0.920332122280933,
            0.0,
            -2.0534851261699343,
            -4.195664727364822,
            1.7831422635744814,
            1.0
        ],
        [
            0.89915555479043,
            -0.3980826518394609,
            0.1817951885886329,
            0.0,
            0.4376291675488667,
            0.8179030425964189,
            -0.3735175024306177,
            0.0,
            0.0,
            0.4154092141683705,
            0.9096346435707123,
            0.0,
            -2.1881458377443335,
            -4.089515212982095,
            1.8675875121530887,
            1.0
        ],
        [
            0.8882999137846961,
            -0.4135331058585481,
            0.19978396714722704,
            0.0,
            0.4592638274130692,
            0.7998483667882538,
            -0.3864185903603262,
            0.0,
            0.0,
            0.435009149909684,
            0.9004260322174465,
            0.0,
            -2.296319137065346,
            -3.9992418339412685,
            1.9320929518016308,
            1.0
        ],
        [
            0.8798376608955194,
            -0.4244588125642525,
            0.21382330767819877,
            0.0,
            0.47527433180206663,
            0.7857669219732891,
            -0.3958341241766832,
            0.0,
            0.0,
            0.44989449959870315,
            0.8930817091570247,
            0.0,
            -2.376371659010333,
            -3.9288346098664464,
            1.9791706208834159,
            1.0
        ],
        [
            0.8742805572926864,
            -0.4309994179511064,
            0.22332265640950386,
            0.0,
            0.4854209586946054,
            0.7762631682250526,
            -0.40222131534419464,
            0.0,
            0.0,
            0.46005977370664713,
            0.8878879459802282,
            0.0,
            -2.4271047934730268,
            -3.881315841125263,
            2.0111065767209735,
            1.0
        ],
        [
            0.8719868158216997,
            -0.43325781628177173,
            0.22787421456558815,
            0.0,
            0.48952935870398334,
            0.7717516772632557,
            -0.40590683119186155,
            0.0,
            0.0,
            0.4654965233727338,
            0.8850497086197463,
            0.0,
            -2.4476467935199167,
            -3.8587583863162784,
            2.0295341559593076,
            1.0
        ],
        [
            0.8731394572687765,
            -0.431265043485782,
            0.22723985219937326,
            0.0,
            0.48747049978474233,
            0.7724662849843227,
            -0.40702377129859707,
            0.0,
            0.0,
            0.46616123908978707,
            0.8846997791173423,
            0.0,
            -2.437352498923712,
            -3.862331424921614,
            2.035118856492985,
            1.0
        ],
        [
            0.8777351048659267,
            -0.4249567794619228,
            0.22134322053171498,
            0.0,
            0.47914620491662113,
            0.7784669471594896,
            -0.40547271979035004,
            0.0,
            0.0,
            0.4619534043272494,
            0.8869041956324623,
            0.0,
            -2.395731024583106,
            -3.892334735797448,
            2.0273635989517502,
            1.0
        ],
        [
            0.8855818858150348,
            -0.41416149970560234,
            0.21027357341780473,
            0.0,
            0.4644832865844438,
            0.7896385780386743,
            -0.4009067130353066,
            0.0,
            0.0,
            0.45270428342867114,
            0.8916607156117922,
            0.0,
            -2.322416432922219,
            -3.948192890193372,
            2.004533565176533,
            1.0
        ],
        [
            0.8963052308739508,
            -0.3986011701837541,
            0.19430398924400824,
            0.0,
            0.4434376315875704,
            0.8056788337721921,
            -0.39273996957718293,
            0.0,
            0.0,
            0.43817658990368513,
            0.8988889119687581,
            0.0,
            -2.217188157937852,
            -4.02839416886096,
            1.963699847885915,
            1.0
        ],
        [
            0.9093610535041379,
            -0.37790662608315756,
            0.17392255843417495,
            0.0,
            0.4160077816217438,
            0.8260748543728983,
            -0.38018135225567073,
            0.0,
            0.0,
            0.4180752527180237,
            0.9084123970228283,
            0.0,
            -2.080038908108719,
            -4.130374271864492,
            1.9009067612783537,
            1.0
        ],
        [
            0.9240565142902623,
            -0.3516507593483154,
            0.14987095064582556,
            0.0,
            0.3822558807889426,
            0.8500724024448488,
            -0.36229456551805006,
            0.0,
            0.0,
            0.3920697056027106,
            0.9199355118423268,
            0.0,
            -1.9112794039447132,
            -4.250362012224244,
            1.8114728275902503,
            1.0
        ],
        [
            0.9395788724625532,
            -0.3194026093063318,
            0.12318082476710374,
            0.0,
            0.34233250272505117,
            0.876644610502185,
            -0.338086800179296,
            0.0,
            0.0,
            0.35982801453719404,
            0.9330186493067654,
            0.0,
            -1.711662513625256,
            -4.383223052510925,
            1.6904340008964798,
            1.0
        ],
        [
            0.9550325276226873,
            -0.2808037042613211,
            0.09519533001015086,
            0.0,
            0.29650104752364875,
            0.9044712444906741,
            -0.3066250099174403,
            0.0,
            0.0,
            0.3210623733211537,
            0.9470580512499686,
            0.0,
            -1.4825052376182437,
            -4.52235622245337,
            1.5331250495872015,
            1.0
        ],
        [
            0.969483252517542,
            -0.2356643032365914,
            0.06756152209667726,
            0.0,
            0.24515754748326213,
            0.9319419187764948,
            -0.26717416967060487,
            0.0,
            0.0,
            0.27558410006238926,
            0.9612769651837096,
            0.0,
            -1.2257877374163106,
            -4.659709593882474,
            1.3358708483530244,
            1.0
        ],
        [
            0.9820071878875248,
            -0.18407237647812966,
            0.0421810757915105,
            0.0,
            0.18884354089360708,
            0.9571966080370248,
            -0.21934623458172003,
            0.0,
            0.0,
            0.22336520270648272,
            0.9747348286687472,
            0.0,
            -0.9442177044680354,
            -4.7859830401851235,
            1.0967311729086002,
            1.0
        ],
        [
            0.9917413801658418,
            -0.12650435825739562,
            0.0211111868125806,
            0.0,
            0.12825379084748792,
            0.9782136342805885,
            -0.16324537004402853,
            0.0,
            0.0,
            0.1646047783311514,
            0.9863596032637146,
            0.0,
            -0.6412689542374396,
            -4.891068171402942,
            0.8162268502201426,
            1.0
        ],
        [
            0.9979340816009772,
            -0.06392538987961172,
            0.006411965997564615,
            0.0,
            0.06424615770000794,
            0.9929516024658209,
            -0.0995969195374239,
            0.0,
            0.0,
            0.09980310460751216,
            0.9950072061601876,
            0.0,
            -0.3212307885000397,
            -4.964758012329105,
            0.4979845976871195,
            1.0
        ],
        [
            0.9999977163078296,
            0.0021361904843871585,
            -6.37913781800992e-05,
            0.0,
            -0.002137142748043836,
            0.9995521393884254,
            -0.029848840260491512,
            0.0,
            0.0,
            0.029848908426209977,
            0.9995544220630329,
            0.0,
            0.01068571374021918,
            -4.9977606969421275,
            0.14924420130245755,
            1.0
        ],
        [
            0.9975723147478874,
            0.06957108004964198,
            0.003056414446387139,
            0.0,
            -0.06963818527605221,
            0.9966110272620579,
            0.043783370029313734,
            0.0,
            0.0,
            -0.04388992094310369,
            0.9990363731314331,
            0.0,
            0.34819092638026106,
            -4.9830551363102895,
            -0.21891685014656864,
            1.0
        ],
        [
            0.9906031407921413,
            0.13578730355564383,
            0.01634703783052524,
            0.0,
            -0.1367677500463658,
            0.9835018075263784,
            0.1184009169711171,
            0.0,
            0.0,
            -0.1195240678082619,
            0.9928313035025467,
            0.0,
            0.6838387502318289,
            -4.917509037631892,
            -0.5920045848555855,
            1.0
        ],
        [
            0.9794164363417475,
            0.19798579770067715,
            0.0393073546866026,
            0.0,
            -0.20185005381131765,
            0.9606663003990878,
            0.1907270695362818,
            0.0,
            0.0,
            -0.19473541841780104,
            0.9808558083702436,
            0.0,
            1.0092502690565883,
            -4.803331501995439,
            -0.953635347681409,
            1.0
        ],
        [
            0.9647532761829282,
            0.25359875710658314,
            0.0702765002565075,
            0.0,
            -0.26315606794126306,
            0.9297153345865593,
            0.2576398271624463,
            0.0,
            0.0,
            -0.26705255480634915,
            0.9636819667148503,
            0.0,
            1.3157803397063152,
            -4.648576672932797,
            -1.2881991358122316,
            1.0
        ],
        [
            0.947720718286023,
            0.30074875465474,
            0.10665658303662078,
            0.0,
            -0.31910098735576575,
            0.8932151170915736,
            0.31676697186995617,
            0.0,
            0.0,
            -0.33424084306486124,
            0.9424876969103049,
            0.0,
            1.5955049367788288,
            -4.466075585457868,
            -1.583834859349781,
            1.0
        ],
        [
            0.9296554805274985,
            0.3385266125520142,
            0.14539745568353113,
            0.0,
            -0.3684300307048625,
            0.8542005114547669,
            0.36687981506922485,
            0.0,
            0.0,
            -0.39464061983591225,
            0.918835557200268,
            0.0,
            1.8421501535243126,
            -4.271002557273835,
            -1.8343990753461243,
            1.0
        ],
        [
            0.911944115563707,
            0.3669769780957749,
            0.18353699255578237,
            0.0,
            -0.41031442832141324,
            0.8156244884950543,
            0.4079200456933353,
            0.0,
            0.0,
            -0.4473081614668729,
            0.8943799017672109,
            0.0,
            2.0515721416070662,
            -4.078122442475271,
            -2.0396002284666763,
            1.0
        ],
        [
            0.8958617660988502,
            0.38684938304500477,
            0.21858465380705103,
            0.0,
            -0.4443328662638508,
            0.7799638465257135,
            0.4407093169772613,
            0.0,
            0.0,
            -0.49193897279084575,
            0.8706296842225675,
            0.0,
            2.2216643313192543,
            -3.8998192326285674,
            -2.2035465848863063,
            1.0
        ],
        [
            0.8824672477961725,
            0.39926824676505124,
            0.24866930589079728,
            0.0,
            -0.47037384766486406,
            0.7490662004367998,
            0.4665278885512927,
            0.0,
            0.0,
            -0.5286631200380241,
            0.8488317297978804,
            0.0,
            2.3518692383243205,
            -3.745331002183999,
            -2.332639442756463,
            1.0
        ],
        [
            0.8725553119089304,
            0.4054489366231622,
            0.272503921899587,
            0.0,
            -0.4885153300148412,
            0.724187352211894,
            0.4867293408423381,
            0.0,
            0.0,
            -0.5578206151510297,
            0.8299615420683821,
            0.0,
            2.442576650074206,
            -3.6209367610594705,
            -2.4336467042116907,
            1.0
        ],
        [
            0.8666464859899238,
            0.4065089432663662,
            0.2892651851947951,
            0.0,
            -0.49892270776275244,
            0.7061204906568392,
            0.5024639134835732,
            0.0,
            0.0,
            -0.579779554416165,
            0.8147733846174611,
            0.0,
            2.4946135388137622,
            -3.530602453284196,
            -2.5123195674178658,
            1.0
        ],
        [
            0.8649937223087849,
            0.403365726130234,
            0.29846599697423104,
            0.0,
            -0.5017826824098184,
            0.695338506346089,
            0.5145080186216705,
            0.0,
            0.0,
            -0.5948112747551269,
            0.8038653789187472,
            0.0,
            2.508913412049092,
            -3.4766925317304453,
            -2.572540093108353,
            1.0
        ],
        [
            0.8675926196412888,
            0.3966926427596032,
            0.29986329139187395,
            0.0,
            -0.49727562412003073,
            0.6921063338531068,
            0.5231689748985939,
            0.0,
            0.0,
            -0.6030122468248995,
            0.7977319287700514,
            0.0,
            2.4863781206001536,
            -3.4605316692655346,
            -2.61584487449297,
            1.0
        ],
        [
            0.8741901788392457,
            0.3869074214314579,
            0.293418094980981,
            0.0,
            -0.48558370156030534,
            0.6965445233202338,
            0.5282368747177545,
            0.0,
            0.0,
            -0.604258532644636,
            0.7967883192706526,
            0.0,
            2.4279185078015266,
            -3.482722616601169,
            -2.641184373588773,
            1.0
        ],
        [
            0.8842935033946284,
            0.3741791514934811,
            0.27931158665847144,
            0.0,
            -0.4669314723319197,
            0.7086354473364558,
            0.5289714575704505,
            0.0,
            0.0,
            -0.5981853938085414,
            0.8013577444775337,
            0.0,
            2.3346573616595983,
            -3.5431772366822787,
            -2.6448572878522527,
            1.0
        ],
        [
            0.8971848738206831,
            0.35845286913111885,
            0.2580132608976405,
            0.0,
            -0.44165518471695187,
            0.7281664594703464,
            0.5241319539152861,
            0.0,
            0.0,
            -0.5841961553400445,
            0.811612501188782,
            0.0,
            2.2082759235847593,
            -3.6408322973517318,
            -2.62065976957643,
            1.0
        ],
        [
            0.911953692441758,
            0.3395029144995703,
            0.2303871391552509,
            0.0,
            -0.41029314257228755,
            0.7546090937117544,
            0.5120787564873991,
            0.0,
            0.0,
            -0.5615183761319142,
            0.8274642670630424,
            0.0,
            2.0514657128614378,
            -3.773045468558772,
            -2.5603937824369956,
            1.0
        ],
        [
            0.9275581113423015,
            0.3170333842444739,
            0.19780238461049537,
            0.0,
            -0.3736789398442232,
            0.7869506567452023,
            0.4909915618065062,
            0.0,
            0.0,
            -0.529337791134159,
            0.8484111638098649,
            0.0,
            1.868394699221116,
            -3.9347532837260117,
            -2.454957809032531,
            1.0
        ],
        [
            0.9429263669690865,
            0.29083680635105646,
            0.16218452005662498,
            0.0,
            -0.3330013010101908,
            0.8235333987031508,
            0.45924163002275564,
            0.0,
            0.0,
            -0.4870386979408878,
            0.8733803906134169,
            0.0,
            1.6650065050509542,
            -4.117666993515754,
            -2.296208150113778,
            1.0
        ],
        [
            0.9570940505999289,
            0.26098883658937605,
            0.12591983752349986,
            0.0,
            -0.28977746342015737,
            0.8620092805854584,
            0.4158954458494582,
            0.0,
            0.0,
            -0.4345397880059595,
            0.9006526370581145,
            0.0,
            1.4488873171007868,
            -4.310046402927292,
            -2.079477229247291,
            1.0
        ],
        [
            0.9693465730163905,
            0.22800275424345157,
            0.09155307443652436,
            0.0,
            -0.24569741834496253,
            0.8995360633129723,
            0.3612030584283872,
            0.0,
            0.0,
            -0.3726253008811944,
            0.9279818883702415,
            0.0,
            1.2284870917248127,
            -4.497680316564861,
            -1.806015292141936,
            1.0
        ],
        [
            0.9793112690610917,
            0.19284121724592668,
            0.061332725531019656,
            0.0,
            -0.2023596755530955,
            0.933247084292952,
            0.29681718509673544,
            0.0,
            0.0,
            -0.30308768465546915,
            0.9529626726216441,
            0.0,
            1.0117983777654775,
            -4.6662354214647594,
            -1.4840859254836771,
            1.0
        ],
        [
            0.9869533587857163,
            0.15674526658114907,
            0.03679658932561153,
            0.0,
            -0.16100642093280998,
            0.9608329061024588,
            0.22555943555770536,
            0.0,
            0.0,
            -0.22854112967933876,
            0.9735342582800524,
            0.0,
            0.8050321046640498,
            -4.804164530512294,
            -1.1277971777885267,
            1.0
        ],
        [
            0.9924826840959792,
            0.12096377145808024,
            0.018598058078144544,
            0.0,
            -0.12238513704547913,
            0.9809561150425893,
            0.15082101508380547,
            0.0,
            0.0,
            -0.15196337175512892,
            0.9883861257852684,
            0.0,
            0.6119256852273957,
            -4.904780575212946,
            -0.7541050754190274,
            1.0
        ],
        [
            0.9962277504008166,
            0.08652485760134594,
            0.006611985208323553,
            0.0,
            -0.0867771244702674,
            0.9933316501110173,
            0.07590759880535772,
            0.0,
            0.0,
            -0.07619502545960749,
            0.997092933529874,
            0.0,
            0.43388562235133704,
            -4.966658250555087,
            -0.37953799402678856,
            1.0
        ],
        [
            0.9985338634816345,
            0.054130264192642906,
            0.00019488169541643586,
            0.0,
            -0.05413061500149917,
            0.9985273921987463,
            0.003594933703240494,
            0.0,
            0.0,
            -0.0036002121056824964,
            0.9999935192153968,
            0.0,
            0.27065307500749586,
            -4.992636960993732,
            -0.01797466851620247,
            1.0
        ],
        [
            0.9997069011682321,
            0.024160019893654974,
            -0.0015508692236366895,
            0.0,
            -0.024209745075292048,
            0.9976535706978027,
            -0.06404093313900018,
            0.0,
            0.0,
            0.06405970896486117,
            0.9979460675243614,
            0.0,
            0.12104872537646025,
            -4.988267853489013,
            0.3202046656950009,
            1.0
        ],
        [
            0.9999945798936049,
            -0.003266370473656828,
            0.0004135303393857473,
            0.0,
            0.0032924433803437868,
            0.992075608370909,
            -0.12559915243375602,
            0.0,
            0.0,
            0.12559983319821516,
            0.9920809855554034,
            0.0,
            -0.016462216901718934,
            -4.960378041854545,
            0.6279957621687801,
            1.0
        ],
        [
            0.9995884519671541,
            -0.028216495033164674,
            0.005172630080708334,
            0.0,
            0.02868669890225181,
            0.9832041911216901,
            -0.18024037246642247,
            0.0,
            0.0,
            0.1803145805773525,
            0.9836089934680414,
            0.0,
            -0.14343349451125906,
            -4.916020955608451,
            0.9012018623321123,
            1.0
        ],
        [
            0.9986337631788181,
            -0.05088051348029507,
            0.011907156977788314,
            0.0,
            0.052255210642692666,
            0.9723623352459497,
            -0.22755412972682143,
            0.0,
            0.0,
            0.22786544789200658,
            0.9736926299695275,
            0.0,
            -0.2612760532134633,
            -4.861811676229749,
            1.137770648634107,
            1.0
        ],
        [
            0.9972403809381939,
            -0.07152079360168528,
            0.01990976415809713,
            0.0,
            0.07424030324726534,
            0.9607102926128442,
            -0.26743992043353804,
            0.0,
            0.0,
            0.2681799950599004,
            0.9633688235819508,
            0.0,
            -0.3712015162363267,
            -4.803551463064221,
            1.3371996021676902,
            1.0
        ],
        [
            0.9954921686532322,
            -0.0904342175900763,
            0.028583114577586704,
            0.0,
            0.094843777603408,
            0.9492088744677799,
            -0.3000119505645162,
            0.0,
            0.0,
            0.30137047785156584,
            0.9535071237696753,
            0.0,
            -0.47421888801704,
            -4.7460443723389,
            1.5000597528225807,
            1.0
        ],
        [
            0.9934542592985511,
            -0.10792410574556184,
            0.0374302295022067,
            0.0,
            0.11423062059521116,
            0.9386070212631803,
            -0.325527610125305,
            0.0,
            0.0,
            0.3276724691433207,
            0.944791380657931,
            0.0,
            -0.5711531029760558,
            -4.693035106315902,
            1.6276380506265253,
            1.0
        ],
        [
            0.9911785008736234,
            -0.12427905108036641,
            0.04604233778252737,
            0.0,
            0.1325336915879003,
            0.9294445967962462,
            -0.344336408299132,
            0.0,
            0.0,
            0.3474010059697969,
            0.9377166635243148,
            0.0,
            -0.6626684579395015,
            -4.647222983981231,
            1.72168204149566,
            1.0
        ],
        [
            0.9887075839676104,
            -0.1397566929003379,
            0.054086783917064785,
            0.0,
            0.14985764379880867,
            0.9220650924307063,
            -0.35684541739501474,
            0.0,
            0.0,
            0.3609210884810052,
            0.9325963585011934,
            0.0,
            -0.7492882189940433,
            -4.610325462153532,
            1.7842270869750738,
            1.0
        ],
        [
            0.9860783693881351,
            -0.15457112800854433,
            0.061296132104749414,
            0.0,
            0.16628123593730199,
            0.9166352715746069,
            -0.36349735828546276,
            0.0,
            0.0,
            0.36862927893957764,
            0.9295764921234223,
            0.0,
            -0.83140617968651,
            -4.583176357873034,
            1.8174867914273136,
            1.0
        ],
        [
            0.983324847025857,
            -0.16888321799138253,
            0.06745890528647924,
            0.0,
